  2.000000000000000E-003  2.000000000000000E-003 -0.330252620227629     
  2.000000000000000E-003  0.302332916666667      -0.343999882927745     
  2.000000000000000E-003  0.602665833333333      -0.349243768842065     
  2.000000000000000E-003  0.902998750000000      -0.346059632888009     
  2.000000000000000E-003   1.20333166666667      -0.342342032748150     
  2.000000000000000E-003   1.50366458333333      -0.337847360973610     
  2.000000000000000E-003   1.80399750000000      -0.331532844911380     
  2.000000000000000E-003   2.10433041666667      -0.323530300140025     
  2.000000000000000E-003   2.40466333333333      -0.314955230193463     
  2.000000000000000E-003   2.70499625000000      -0.305373915709462     
  2.000000000000000E-003   3.00532916666667      -0.294408869271277     
  2.000000000000000E-003   3.30566208333333      -0.284049097042549     
  2.000000000000000E-003   3.60599500000000      -0.267924334518038     
  2.000000000000000E-003   3.90632791666667      -0.251694855806957     
  2.000000000000000E-003   4.20666083333333      -0.230204953725462     
  2.000000000000000E-003   4.50699375000000      -0.202107240200629     
  2.000000000000000E-003   4.80732666666667      -0.176147167736295     
  2.000000000000000E-003   5.10765958333333      -0.155420834937586     
  2.000000000000000E-003   5.40799250000000      -0.140486121400013     
  2.000000000000000E-003   5.70832541666667      -0.130448141926134     
  2.000000000000000E-003   6.00865833333333      -0.124615188358514     
  2.000000000000000E-003   6.30899125000000      -0.122107857693879     
  2.000000000000000E-003   6.60932416666667      -0.120792118523668     
  2.000000000000000E-003   6.90965708333333      -0.114536885772756     
  2.000000000000000E-003   7.20999000000000      -0.104838756000522     
  0.302332916666667       2.000000000000000E-003 -0.343990666279635     
  0.302332916666667       0.302332916666667      -0.327851915638413     
  0.302332916666667       0.602665833333333      -0.349877415023759     
  0.302332916666667       0.902998750000000      -0.370838640066215     
  0.302332916666667        1.20333166666667      -0.378623026771463     
  0.302332916666667        1.50366458333333      -0.378008329952745     
  0.302332916666667        1.80399750000000      -0.372012836089480     
  0.302332916666667        2.10433041666667      -0.362044255938783     
  0.302332916666667        2.40466333333333      -0.350737658441936     
  0.302332916666667        2.70499625000000      -0.337284283910315     
  0.302332916666667        3.00532916666667      -0.317871074394761     
  0.302332916666667        3.30566208333333      -0.296103588527251     
  0.302332916666667        3.60599500000000      -0.278107038034868     
  0.302332916666667        3.90632791666667      -0.261023704546347     
  0.302332916666667        4.20666083333333      -0.237761909208762     
  0.302332916666667        4.50699375000000      -0.210024634089850     
  0.302332916666667        4.80732666666667      -0.184181334693846     
  0.302332916666667        5.10765958333333      -0.163134517298256     
  0.302332916666667        5.40799250000000      -0.147287801799371     
  0.302332916666667        5.70832541666667      -0.135941002312188     
  0.302332916666667        6.00865833333333      -0.128252305526831     
  0.302332916666667        6.30899125000000      -0.123016363116097     
  0.302332916666667        6.60932416666667      -0.117848488683499     
  0.302332916666667        6.90965708333333      -0.110984277093184     
  0.302332916666667        7.20999000000000      -0.106149386019247     
  0.602665833333333       2.000000000000000E-003 -0.349230799077608     
  0.602665833333333       0.302332916666667      -0.349870795776050     
  0.602665833333333       0.602665833333333      -0.368944722545399     
  0.602665833333333       0.902998750000000      -0.396229014682513     
  0.602665833333333        1.20333166666667      -0.411851230990941     
  0.602665833333333        1.50366458333333      -0.415546738289674     
  0.602665833333333        1.80399750000000      -0.410431957284545     
  0.602665833333333        2.10433041666667      -0.398979220155867     
  0.602665833333333        2.40466333333333      -0.384575763708171     
  0.602665833333333        2.70499625000000      -0.368825300520038     
  0.602665833333333        3.00532916666667      -0.344439783474270     
  0.602665833333333        3.30566208333333      -0.314439375378426     
  0.602665833333333        3.60599500000000      -0.286398839598593     
  0.602665833333333        3.90632791666667      -0.262566378944879     
  0.602665833333333        4.20666083333333      -0.238063555819728     
  0.602665833333333        4.50699375000000      -0.212390525149128     
  0.602665833333333        4.80732666666667      -0.188758777472826     
  0.602665833333333        5.10765958333333      -0.168801275558081     
  0.602665833333333        5.40799250000000      -0.152776094119630     
  0.602665833333333        5.70832541666667      -0.140455273141236     
  0.602665833333333        6.00865833333333      -0.131077420912420     
  0.602665833333333        6.30899125000000      -0.123551286991019     
  0.602665833333333        6.60932416666667      -0.116705862824416     
  0.602665833333333        6.90965708333333      -0.110738660131214     
  0.602665833333333        7.20999000000000      -0.104556905290694     
  0.902998750000000       2.000000000000000E-003 -0.346051047401537     
  0.902998750000000       0.302332916666667      -0.370833278809218     
  0.902998750000000       0.602665833333333      -0.396227292898992     
  0.902998750000000       0.902998750000000      -0.422632875069262     
  0.902998750000000        1.20333166666667      -0.440554074424525     
  0.902998750000000        1.50366458333333      -0.446886695733169     
  0.902998750000000        1.80399750000000      -0.442611478274696     
  0.902998750000000        2.10433041666667      -0.429723237087985     
  0.902998750000000        2.40466333333333      -0.414223686888745     
  0.902998750000000        2.70499625000000      -0.395092753009671     
  0.902998750000000        3.00532916666667      -0.368653073482506     
  0.902998750000000        3.30566208333333      -0.334939224174726     
  0.902998750000000        3.60599500000000      -0.300076252064329     
  0.902998750000000        3.90632791666667      -0.268419350567185     
  0.902998750000000        4.20666083333333      -0.240016151990986     
  0.902998750000000        4.50699375000000      -0.214426017682334     
  0.902998750000000        4.80732666666667      -0.192176171515821     
  0.902998750000000        5.10765958333333      -0.173125998965815     
  0.902998750000000        5.40799250000000      -0.157106967550313     
  0.902998750000000        5.70832541666667      -0.144189736672582     
  0.902998750000000        6.00865833333333      -0.133748010965846     
  0.902998750000000        6.30899125000000      -0.125058414167069     
  0.902998750000000        6.60932416666667      -0.117537615353242     
  0.902998750000000        6.90965708333333      -0.110661565380101     
  0.902998750000000        7.20999000000000      -0.102942353131608     
   1.20333166666667       2.000000000000000E-003 -0.342334564641328     
   1.20333166666667       0.302332916666667      -0.378618430045820     
   1.20333166666667       0.602665833333333      -0.411849305464035     
   1.20333166666667       0.902998750000000      -0.440553606144695     
   1.20333166666667        1.20333166666667      -0.460153216984023     
   1.20333166666667        1.50366458333333      -0.468116206467734     
   1.20333166666667        1.80399750000000      -0.464159705504372     
   1.20333166666667        2.10433041666667      -0.452390288874637     
   1.20333166666667        2.40466333333333      -0.436903079308445     
   1.20333166666667        2.70499625000000      -0.414285811724075     
   1.20333166666667        3.00532916666667      -0.384195283159089     
   1.20333166666667        3.30566208333333      -0.348593873341191     
   1.20333166666667        3.60599500000000      -0.310849011650690     
   1.20333166666667        3.90632791666667      -0.275186019785592     
   1.20333166666667        4.20666083333333      -0.243932377783629     
   1.20333166666667        4.50699375000000      -0.217505580129789     
   1.20333166666667        4.80732666666667      -0.195278339521399     
   1.20333166666667        5.10765958333333      -0.176461449901361     
   1.20333166666667        5.40799250000000      -0.160472699173952     
   1.20333166666667        5.70832541666667      -0.147141432223200     
   1.20333166666667        6.00865833333333      -0.135984725294393     
   1.20333166666667        6.30899125000000      -0.126430299607753     
   1.20333166666667        6.60932416666667      -0.117963080444157     
   1.20333166666667        6.90965708333333      -0.109935370759036     
   1.20333166666667        7.20999000000000      -0.101529713120651     
   1.50366458333333       2.000000000000000E-003 -0.337839026300194     
   1.50366458333333       0.302332916666667      -0.378003209877831     
   1.50366458333333       0.602665833333333      -0.415544313197274     
   1.50366458333333       0.902998750000000      -0.446885645197901     
   1.50366458333333        1.20333166666667      -0.468115490859807     
   1.50366458333333        1.50366458333333      -0.476685934525860     
   1.50366458333333        1.80399750000000      -0.473861461547344     
   1.50366458333333        2.10433041666667      -0.465519556465866     
   1.50366458333333        2.40466333333333      -0.449675776588314     
   1.50366458333333        2.70499625000000      -0.424822660747577     
   1.50366458333333        3.00532916666667      -0.392077175230992     
   1.50366458333333        3.30566208333333      -0.354462535473163     
   1.50366458333333        3.60599500000000      -0.315765722002884     
   1.50366458333333        3.90632791666667      -0.279392190068165     
   1.50366458333333        4.20666083333333      -0.247425427879446     
   1.50366458333333        4.50699375000000      -0.220403326082622     
   1.50366458333333        4.80732666666667      -0.197849466320856     
   1.50366458333333        5.10765958333333      -0.178934518698580     
   1.50366458333333        5.40799250000000      -0.162909122769350     
   1.50366458333333        5.70832541666667      -0.149261000728227     
   1.50366458333333        6.00865833333333      -0.137541305852532     
   1.50366458333333        6.30899125000000      -0.127221126140596     
   1.50366458333333        6.60932416666667      -0.117858555432593     
   1.50366458333333        6.90965708333333      -0.109018405860721     
   1.50366458333333        7.20999000000000      -0.100338305999183     
   1.80399750000000       2.000000000000000E-003 -0.331524735343242     
   1.80399750000000       0.302332916666667      -0.372007610404250     
   1.80399750000000       0.602665833333333      -0.410428803863396     
   1.80399750000000       0.902998750000000      -0.442608890031138     
   1.80399750000000        1.20333166666667      -0.464156657827340     
   1.80399750000000        1.50366458333333      -0.473858616061575     
   1.80399750000000        1.80399750000000      -0.475334189517179     
   1.80399750000000        2.10433041666667      -0.467940863134814     
   1.80399750000000        2.40466333333333      -0.450724922398938     
   1.80399750000000        2.70499625000000      -0.424251616345616     
   1.80399750000000        3.00532916666667      -0.390735756303057     
   1.80399750000000        3.30566208333333      -0.353414003376969     
   1.80399750000000        3.60599500000000      -0.315665232270004     
   1.80399750000000        3.90632791666667      -0.280240739651243     
   1.80399750000000        4.20666083333333      -0.248810660548129     
   1.80399750000000        4.50699375000000      -0.221934686278865     
   1.80399750000000        4.80732666666667      -0.199363278989753     
   1.80399750000000        5.10765958333333      -0.180433210040032     
   1.80399750000000        5.40799250000000      -0.164387700821829     
   1.80399750000000        5.70832541666667      -0.150559291772281     
   1.80399750000000        6.00865833333333      -0.138412671178174     
   1.80399750000000        6.30899125000000      -0.127495239745217     
   1.80399750000000        6.60932416666667      -0.117479155456367     
   1.80399750000000        6.90965708333333      -0.108149085971948     
   1.80399750000000        7.20999000000000      -9.936646864388833E-002
   2.10433041666667       2.000000000000000E-003 -0.323525357261259     
   2.10433041666667       0.302332916666667      -0.362040735448537     
   2.10433041666667       0.602665833333333      -0.398975701061967     
   2.10433041666667       0.902998750000000      -0.429718043338389     
   2.10433041666667        1.20333166666667      -0.452382672736062     
   2.10433041666667        1.50366458333333      -0.465510799440215     
   2.10433041666667        1.80399750000000      -0.467934328577599     
   2.10433041666667        2.10433041666667      -0.459206347958296     
   2.10433041666667        2.40466333333333      -0.440119483995127     
   2.10433041666667        2.70499625000000      -0.412750220020808     
   2.10433041666667        3.00532916666667      -0.379972342193364     
   2.10433041666667        3.30566208333333      -0.344779234746715     
   2.10433041666667        3.60599500000000      -0.309762845387081     
   2.10433041666667        3.90632791666667      -0.276844306410684     
   2.10433041666667        4.20666083333333      -0.247208178984377     
   2.10433041666667        4.50699375000000      -0.221384032479890     
   2.10433041666667        4.80732666666667      -0.199369704455645     
   2.10433041666667        5.10765958333333      -0.180755395211237     
   2.10433041666667        5.40799250000000      -0.164885459223017     
   2.10433041666667        5.70832541666667      -0.151053926544327     
   2.10433041666667        6.00865833333333      -0.138676334636302     
   2.10433041666667        6.30899125000000      -0.127374221455874     
   2.10433041666667        6.60932416666667      -0.116961291507443     
   2.10433041666667        6.90965708333333      -0.107388471221438     
   2.10433041666667        7.20999000000000      -9.861229008212574E-002
   2.40466333333333       2.000000000000000E-003 -0.314957144864596     
   2.40466333333333       0.302332916666667      -0.350738329038468     
   2.40466333333333       0.602665833333333      -0.384572934550162     
   2.40466333333333       0.902998750000000      -0.414215406024065     
   2.40466333333333        1.20333166666667      -0.436889147655605     
   2.40466333333333        1.50366458333333      -0.449658537517965     
   2.40466333333333        1.80399750000000      -0.450708815767431     
   2.40466333333333        2.10433041666667      -0.440109583042393     
   2.40466333333333        2.40466333333333      -0.419763771123893     
   2.40466333333333        2.70499625000000      -0.392677413187168     
   2.40466333333333        3.00532916666667      -0.361978138693979     
   2.40466333333333        3.30566208333333      -0.330187684026491     
   2.40466333333333        3.60599500000000      -0.299027904929581     
   2.40466333333333        3.90632791666667      -0.269596938386754     
   2.40466333333333        4.20666083333333      -0.242611436653778     
   2.40466333333333        4.50699375000000      -0.218558032570615     
   2.40466333333333        4.80732666666667      -0.197656730694248     
   2.40466333333333        5.10765958333333      -0.179748834694390     
   2.40466333333333        5.40799250000000      -0.164318390628640     
   2.40466333333333        5.70832541666667      -0.150691698499105     
   2.40466333333333        6.00865833333333      -0.138301186833339     
   2.40466333333333        6.30899125000000      -0.126848503589887     
   2.40466333333333        6.60932416666667      -0.116284058968758     
   2.40466333333333        6.90965708333333      -0.106670909348719     
   2.40466333333333        7.20999000000000      -9.804583689000371E-002
   2.70499625000000       2.000000000000000E-003 -0.305385421139846     
   2.70499625000000       0.302332916666667      -0.337291981675159     
   2.70499625000000       0.602665833333333      -0.368825522609532     
   2.70499625000000       0.902998750000000      -0.395082449437583     
   2.70499625000000        1.20333166666667      -0.414265358864649     
   2.70499625000000        1.50366458333333      -0.424796242073713     
   2.70499625000000        1.80399750000000      -0.424225172074820     
   2.70499625000000        2.10433041666667      -0.412729693525842     
   2.70499625000000        2.40466333333333      -0.392666803675203     
   2.70499625000000        2.70499625000000      -0.367363182515671     
   2.70499625000000        3.00532916666667      -0.339852708898091     
   2.70499625000000        3.30566208333333      -0.312141059883784     
   2.70499625000000        3.60599500000000      -0.285222510241396     
   2.70499625000000        3.90632791666667      -0.259560996590584     
   2.70499625000000        4.20666083333333      -0.235544431144739     
   2.70499625000000        4.50699375000000      -0.213644589395490     
   2.70499625000000        4.80732666666667      -0.194242631565581     
   2.70499625000000        5.10765958333333      -0.177363357555314     
   2.70499625000000        5.40799250000000      -0.162612786387964     
   2.70499625000000        5.70832541666667      -0.149384201670646     
   2.70499625000000        6.00865833333333      -0.137178780831876     
   2.70499625000000        6.30899125000000      -0.125797634394788     
   2.70499625000000        6.60932416666667      -0.115291228705485     
   2.70499625000000        6.90965708333333      -0.105891371836836     
   2.70499625000000        7.20999000000000      -9.766743088822925E-002
   3.00532916666667       2.000000000000000E-003 -0.294429021727786     
   3.00532916666667       0.302332916666667      -0.317886563232530     
   3.00532916666667       0.602665833333333      -0.344444962207362     
   3.00532916666667       0.902998750000000      -0.368642883671947     
   3.00532916666667        1.20333166666667      -0.384169828189422     
   3.00532916666667        1.50366458333333      -0.392043219549898     
   3.00532916666667        1.80399750000000      -0.390701082303735     
   3.00532916666667        2.10433041666667      -0.379943628877581     
   3.00532916666667        2.40466333333333      -0.361959489232764     
   3.00532916666667        2.70499625000000      -0.339844682818062     
   3.00532916666667        3.00532916666667      -0.316273923611824     
   3.00532916666667        3.30566208333333      -0.292800918627848     
   3.00532916666667        3.60599500000000      -0.269943582316458     
   3.00532916666667        3.90632791666667      -0.247807481438785     
   3.00532916666667        4.20666083333333      -0.226653311114117     
   3.00532916666667        4.50699375000000      -0.206988243897670     
   3.00532916666667        4.80732666666667      -0.189277631191399     
   3.00532916666667        5.10765958333333      -0.173631482366355     
   3.00532916666667        5.40799250000000      -0.159731798620420     
   3.00532916666667        5.70832541666667      -0.147054340366598     
   3.00532916666667        6.00865833333333      -0.135213974494297     
   3.00532916666667        6.30899125000000      -0.124119072155737     
   3.00532916666667        6.60932416666667      -0.113891573281067     
   3.00532916666667        6.90965708333333      -0.104959875062219     
   3.00532916666667        7.20999000000000      -9.742383358049340E-002
   3.30566208333333       2.000000000000000E-003 -0.284066388804527     
   3.30566208333333       0.302332916666667      -0.296120185544227     
   3.30566208333333       0.602665833333333      -0.314445545455106     
   3.30566208333333       0.902998750000000      -0.334927502060619     
   3.30566208333333        1.20333166666667      -0.348565002435006     
   3.30566208333333        1.50366458333333      -0.354424225464619     
   3.30566208333333        1.80399750000000      -0.353375316643708     
   3.30566208333333        2.10433041666667      -0.344746976392012     
   3.30566208333333        2.40466333333333      -0.330165634976279     
   3.30566208333333        2.70499625000000      -0.312129425928680     
   3.30566208333333        3.00532916666667      -0.292797024599720     
   3.30566208333333        3.30566208333333      -0.273359889358309     
   3.30566208333333        3.60599500000000      -0.254101748414696     
   3.30566208333333        3.90632791666667      -0.235025346519579     
   3.30566208333333        4.20666083333333      -0.216442691552747     
   3.30566208333333        4.50699375000000      -0.198929974849101     
   3.30566208333333        4.80732666666667      -0.182961714453720     
   3.30566208333333        5.10765958333333      -0.168642024718277     
   3.30566208333333        5.40799250000000      -0.155684176974599     
   3.30566208333333        5.70832541666667      -0.143657466285293     
   3.30566208333333        6.00865833333333      -0.132326102715735     
   3.30566208333333        6.30899125000000      -0.121682687895364     
   3.30566208333333        6.60932416666667      -0.111911405356793     
   3.30566208333333        6.90965708333333      -0.103685320649197     
   3.30566208333333        7.20999000000000      -9.694409485413616E-002
   3.60599500000000       2.000000000000000E-003 -0.267928150610682     
   3.60599500000000       0.302332916666667      -0.278112480007028     
   3.60599500000000       0.602665833333333      -0.286394797809632     
   3.60599500000000       0.902998750000000      -0.300057400931828     
   3.60599500000000        1.20333166666667      -0.310816598779488     
   3.60599500000000        1.50366458333333      -0.315726552143778     
   3.60599500000000        1.80399750000000      -0.315627277226667     
   3.60599500000000        2.10433041666667      -0.309732032231322     
   3.60599500000000        2.40466333333333      -0.299007177082967     
   3.60599500000000        2.70499625000000      -0.285211502975643     
   3.60599500000000        3.00532916666667      -0.269939504016848     
   3.60599500000000        3.30566208333333      -0.254101059571556     
   3.60599500000000        3.60599500000000      -0.237929823520630     
   3.60599500000000        3.90632791666667      -0.221503035865644     
   3.60599500000000        4.20666083333333      -0.205251138589806     
   3.60599500000000        4.50699375000000      -0.189788540335588     
   3.60599500000000        4.80732666666667      -0.175537391376965     
   3.60599500000000        5.10765958333333      -0.162546691051291     
   3.60599500000000        5.40799250000000      -0.150546287746393     
   3.60599500000000        5.70832541666667      -0.139212961170716     
   3.60599500000000        6.00865833333333      -0.128470976066043     
   3.60599500000000        6.30899125000000      -0.118403815955914     
   3.60599500000000        6.60932416666667      -0.109278701167826     
   3.60599500000000        6.90965708333333      -0.101924375262747     
   3.60599500000000        7.20999000000000      -9.609348073575270E-002
   3.90632791666667       2.000000000000000E-003 -0.251686848453316     
   3.90632791666667       0.302332916666667      -0.261008871407774     
   3.90632791666667       0.602665833333333      -0.262545249931704     
   3.90632791666667       0.902998750000000      -0.268390821514257     
   3.90632791666667        1.20333166666667      -0.275151211461857     
   3.90632791666667        1.50366458333333      -0.279355444607173     
   3.90632791666667        1.80399750000000      -0.280207320568583     
   3.90632791666667        2.10433041666667      -0.276818551264725     
   3.90632791666667        2.40466333333333      -0.269580632700597     
   3.90632791666667        2.70499625000000      -0.259553129379774     
   3.90632791666667        3.00532916666667      -0.247805200595214     
   3.90632791666667        3.30566208333333      -0.235025500088022     
   3.90632791666667        3.60599500000000      -0.221503468700358     
   3.90632791666667        3.90632791666667      -0.207473897454585     
   3.90632791666667        4.20666083333333      -0.193424932919678     
   3.90632791666667        4.50699375000000      -0.179923640134922     
   3.90632791666667        4.80732666666667      -0.167306657805608     
   3.90632791666667        5.10765958333333      -0.155571213461004     
   3.90632791666667        5.40799250000000      -0.144485503382435     
   3.90632791666667        5.70832541666667      -0.133847357966698     
   3.90632791666667        6.00865833333333      -0.123719779436398     
   3.90632791666667        6.30899125000000      -0.114309619491619     
   3.90632791666667        6.60932416666667      -0.105916723554950     
   3.90632791666667        6.90965708333333      -9.902148535128835E-002
   3.90632791666667        7.20999000000000      -9.296688658805444E-002
   4.20666083333333       2.000000000000000E-003 -0.230184907102979     
   4.20666083333333       0.302332916666667      -0.237735790214053     
   4.20666083333333       0.602665833333333      -0.238033465051567     
   4.20666083333333       0.902998750000000      -0.239983673589268     
   4.20666083333333        1.20333166666667      -0.243899420183334     
   4.20666083333333        1.50366458333333      -0.247393858612119     
   4.20666083333333        1.80399750000000      -0.248783840819629     
   4.20666083333333        2.10433041666667      -0.247188908367442     
   4.20666083333333        2.40466333333333      -0.242600394117293     
   4.20666083333333        2.70499625000000      -0.235540098264352     
   4.20666083333333        3.00532916666667      -0.226652940432771     
   4.20666083333333        3.30566208333333      -0.216443639288891     
   4.20666083333333        3.60599500000000      -0.205251836865647     
   4.20666083333333        3.90632791666667      -0.193425068925762     
   4.20666083333333        4.20666083333333      -0.181434437715391     
   4.20666083333333        4.50699375000000      -0.169743769456891     
   4.20666083333333        4.80732666666667      -0.158603201165360     
   4.20666083333333        5.10765958333333      -0.147993070344067     
   4.20666083333333        5.40799250000000      -0.137754474970477     
   4.20666083333333        5.70832541666667      -0.127810284730440     
   4.20666083333333        6.00865833333333      -0.118316096978306     
   4.20666083333333        6.30899125000000      -0.109570028597619     
   4.20666083333333        6.60932416666667      -0.101820651374699     
   4.20666083333333        6.90965708333333      -9.528135749031479E-002
   4.20666083333333        7.20999000000000      -8.945680025035554E-002
   4.50699375000000       2.000000000000000E-003 -0.202087861233007     
   4.50699375000000       0.302332916666667      -0.210001050222405     
   4.50699375000000       0.602665833333333      -0.212363557990739     
   4.50699375000000       0.902998750000000      -0.214398146780167     
   4.50699375000000        1.20333166666667      -0.217478310837262     
   4.50699375000000        1.50366458333333      -0.220378436077054     
   4.50699375000000        1.80399750000000      -0.221914763348717     
   4.50699375000000        2.10433041666667      -0.221370782770648     
   4.50699375000000        2.40466333333333      -0.218551364828163     
   4.50699375000000        2.70499625000000      -0.213642781313370     
   4.50699375000000        3.00532916666667      -0.206988870280057     
   4.50699375000000        3.30566208333333      -0.198930990279597     
   4.50699375000000        3.60599500000000      -0.189788939106022     
   4.50699375000000        3.90632791666667      -0.179923432750547     
   4.50699375000000        4.20666083333333      -0.169743457949145     
   4.50699375000000        4.50699375000000      -0.159612036664972     
   4.50699375000000        4.80732666666667      -0.149724956245570     
   4.50699375000000        5.10765958333333      -0.140090217343380     
   4.50699375000000        5.40799250000000      -0.130646112062460     
   4.50699375000000        5.70832541666667      -0.121425313106164     
   4.50699375000000        6.00865833333333      -0.112630230751743     
   4.50699375000000        6.30899125000000      -0.104539111638647     
   4.50699375000000        6.60932416666667      -9.731829925779353E-002
   4.50699375000000        6.90965708333333      -9.099053355984427E-002
   4.50699375000000        7.20999000000000      -8.519649359920459E-002
   4.80732666666667       2.000000000000000E-003 -0.176134222527504     
   4.80732666666667       0.302332916666667      -0.184165966601587     
   4.80732666666667       0.602665833333333      -0.188740481224614     
   4.80732666666667       0.902998750000000      -0.192156038887182     
   4.80732666666667        1.20333166666667      -0.195258085791173     
   4.80732666666667        1.50366458333333      -0.197831349956650     
   4.80732666666667        1.80399750000000      -0.199349409412691     
   4.80732666666667        2.10433041666667      -0.199361120439139     
   4.80732666666667        2.40466333333333      -0.197652989825724     
   4.80732666666667        2.70499625000000      -0.194242138074857     
   4.80732666666667        3.00532916666667      -0.189278448134857     
   4.80732666666667        3.30566208333333      -0.182962380845009     
   4.80732666666667        3.60599500000000      -0.175537331095332     
   4.80732666666667        3.90632791666667      -0.167306052904973     
   4.80732666666667        4.20666083333333      -0.158602534343294     
   4.80732666666667        4.50699375000000      -0.149724584216876     
   4.80732666666667        4.80732666666667      -0.140861294349308     
   4.80732666666667        5.10765958333333      -0.132084022867211     
   4.80732666666667        5.40799250000000      -0.123428767131489     
   4.80732666666667        5.70832541666667      -0.114998739962471     
   4.80732666666667        6.00865833333333      -0.106990682382686     
   4.80732666666667        6.30899125000000      -9.960915739660442E-002
   4.80732666666667        6.60932416666667      -9.293307607184713E-002
   4.80732666666667        6.90965708333333      -8.686196639742655E-002
   4.80732666666667        7.20999000000000      -8.118937365773687E-002
   5.10765958333333       2.000000000000000E-003 -0.155415131956986     
   5.10765958333333       0.302332916666667      -0.163127204651920     
   5.10765958333333       0.602665833333333      -0.168791110561166     
   5.10765958333333       0.902998750000000      -0.173113337234477     
   5.10765958333333        1.20333166666667      -0.176448021764194     
   5.10765958333333        1.50366458333333      -0.178922460245364     
   5.10765958333333        1.80399750000000      -0.180424242138206     
   5.10765958333333        2.10433041666667      -0.180750229939887     
   5.10765958333333        2.40466333333333      -0.179747030285193     
   5.10765958333333        2.70499625000000      -0.177363667240239     
   5.10765958333333        3.00532916666667      -0.173632482277400     
   5.10765958333333        3.30566208333333      -0.168642687761001     
   5.10765958333333        3.60599500000000      -0.162546647279309     
   5.10765958333333        3.90632791666667      -0.155570637283814     
   5.10765958333333        4.20666083333333      -0.147992348622660     
   5.10765958333333        4.50699375000000      -0.140089652457764     
   5.10765958333333        4.80732666666667      -0.132083734393267     
   5.10765958333333        5.10765958333333      -0.124119270826948     
   5.10765958333333        5.40799250000000      -0.116301685184265     
   5.10765958333333        5.70832541666667      -0.108748773556629     
   5.10765958333333        6.00865833333333      -0.101596988071280     
   5.10765958333333        6.30899125000000      -9.494878774228530E-002
   5.10765958333333        6.60932416666667      -8.881477363447268E-002
   5.10765958333333        6.90965708333333      -8.313449937010133E-002
   5.10765958333333        7.20999000000000      -7.773749737267466E-002
   5.40799250000000       2.000000000000000E-003 -0.140485727463505     
   5.40799250000000       0.302332916666667      -0.147286296165100     
   5.40799250000000       0.602665833333333      -0.152772188784340     
   5.40799250000000       0.902998750000000      -0.157100757128619     
   5.40799250000000        1.20333166666667      -0.160465307478539     
   5.40799250000000        1.50366458333333      -0.162902176238213     
   5.40799250000000        1.80399750000000      -0.164382684926703     
   5.40799250000000        2.10433041666667      -0.164883031395473     
   5.40799250000000        2.40466333333333      -0.164318327943163     
   5.40799250000000        2.70499625000000      -0.162614249191114     
   5.40799250000000        3.00532916666667      -0.159733739021624     
   5.40799250000000        3.30566208333333      -0.155685727986739     
   5.40799250000000        3.60599500000000      -0.150547016495675     
   5.40799250000000        3.90632791666667      -0.144485446390164     
   5.40799250000000        4.20666083333333      -0.137753948831242     
   5.40799250000000        4.50699375000000      -0.130645459387267     
   5.40799250000000        4.80732666666667      -0.123428226753042     
   5.40799250000000        5.10765958333333      -0.116301393310703     
   5.40799250000000        5.40799250000000      -0.109393624748479     
   5.40799250000000        5.70832541666667      -0.102785095999067     
   5.40799250000000        6.00865833333333      -9.651648397956228E-002
   5.40799250000000        6.30899125000000      -9.061319628702071E-002
   5.40799250000000        6.60932416666667      -8.508847159139510E-002
   5.40799250000000        6.90965708333333      -7.986622565185060E-002
   5.40799250000000        7.20999000000000      -7.483499860023596E-002
   5.70832541666667       2.000000000000000E-003 -0.130450089928641     
   5.70832541666667       0.302332916666667      -0.135942346835869     
   5.70832541666667       0.602665833333333      -0.140455015025442     
   5.70832541666667       0.902998750000000      -0.144187770852714     
   5.70832541666667        1.20333166666667      -0.147138452244395     
   5.70832541666667        1.50366458333333      -0.149258098839623     
   5.70832541666667        1.80399750000000      -0.150557493841112     
   5.70832541666667        2.10433041666667      -0.151053972140064     
   5.70832541666667        2.40466333333333      -0.150693678941659     
   5.70832541666667        2.70499625000000      -0.149387626628501     
   5.70832541666667        3.00532916666667      -0.147058295468347     
   5.70832541666667        3.30566208333333      -0.143660853169962     
   5.70832541666667        3.60599500000000      -0.139214951659991     
   5.70832541666667        3.90632791666667      -0.133847836694255     
   5.70832541666667        4.20666083333333      -0.127809747008907     
   5.70832541666667        4.50699375000000      -0.121424375385150     
   5.70832541666667        4.80732666666667      -0.114997856488582     
   5.70832541666667        5.10765958333333      -0.108748208509346     
   5.70832541666667        5.40799250000000      -0.102784913630216     
   5.70832541666667        5.70832541666667      -9.712389122939719E-002
   5.70832541666667        6.00865833333333      -9.173093832159884E-002
   5.70832541666667        6.30899125000000      -8.660989304197426E-002
   5.70832541666667        6.60932416666667      -8.174365401919209E-002
   5.70832541666667        6.90965708333333      -7.705972530062259E-002
   5.70832541666667        7.20999000000000      -7.244255249192130E-002
   6.00865833333333       2.000000000000000E-003 -0.124615775081713     
   6.00865833333333       0.302332916666667      -0.128253079213993     
   6.00865833333333       0.602665833333333      -0.131077970844756     
   6.00865833333333       0.902998750000000      -0.133747948558690     
   6.00865833333333        1.20333166666667      -0.135984177633023     
   6.00865833333333        1.50366458333333      -0.137540944854123     
   6.00865833333333        1.80399750000000      -0.138413291455295     
   6.00865833333333        2.10433041666667      -0.138678582187742     
   6.00865833333333        2.40466333333333      -0.138305496764471     
   6.00865833333333        2.70499625000000      -0.137185004342266     
   6.00865833333333        3.00532916666667      -0.135221146018707     
   6.00865833333333        3.30566208333333      -0.132332258900665     
   6.00865833333333        3.60599500000000      -0.128474147228823     
   6.00865833333333        3.90632791666667      -0.123719868085398     
   6.00865833333333        4.20666083333333      -0.118314630532767     
   6.00865833333333        4.50699375000000      -0.112628528032680     
   6.00865833333333        4.80732666666667      -0.106989374193950     
   6.00865833333333        5.10765958333333      -0.101596331170816     
   6.00865833333333        5.40799250000000      -9.651647420881798E-002
   6.00865833333333        5.70832541666667      -9.173120690317782E-002
   6.00865833333333        6.00865833333333      -8.718409855820901E-002
   6.00865833333333        6.30899125000000      -8.282800523536535E-002
   6.00865833333333        6.60932416666667      -7.864060434153683E-002
   6.00865833333333        6.90965708333333      -7.457887310952863E-002
   6.00865833333333        7.20999000000000      -7.045716740631236E-002
   6.30899125000000       2.000000000000000E-003 -0.122103057540861     
   6.30899125000000       0.302332916666667      -0.123013108546340     
   6.30899125000000       0.602665833333333      -0.123550432415209     
   6.30899125000000       0.902998750000000      -0.125058514436136     
   6.30899125000000        1.20333166666667      -0.126430512608848     
   6.30899125000000        1.50366458333333      -0.127221776854993     
   6.30899125000000        1.80399750000000      -0.127497112942658     
   6.30899125000000        2.10433041666667      -0.127378058817789     
   6.30899125000000        2.40466333333333      -0.126855050705971     
   6.30899125000000        2.70499625000000      -0.125807442684464     
   6.30899125000000        3.00532916666667      -0.124131005058616     
   6.30899125000000        3.30566208333333      -0.121692682885099     
   6.30899125000000        3.60599500000000      -0.118407876301796     
   6.30899125000000        3.90632791666667      -0.114307941073738     
   6.30899125000000        4.20666083333333      -0.109566240954084     
   6.30899125000000        4.50699375000000      -0.104536155873452     
   6.30899125000000        4.80732666666667      -9.960765323175716E-002
   6.30899125000000        5.10765958333333      -9.494854789719165E-002
   6.30899125000000        5.40799250000000      -9.061392342194016E-002
   6.30899125000000        5.70832541666667      -8.661098073074061E-002
   6.30899125000000        6.00865833333333      -8.282879525349915E-002
   6.30899125000000        6.30899125000000      -7.915482272217650E-002
   6.30899125000000        6.60932416666667      -7.556790149046436E-002
   6.30899125000000        6.90965708333333      -7.218551601745825E-002
   6.30899125000000        7.20999000000000      -6.872449279805733E-002
   6.60932416666667       2.000000000000000E-003 -0.120780348645230     
   6.60932416666667       0.302332916666667      -0.117840889040916     
   6.60932416666667       0.602665833333333      -0.116704390660659     
   6.60932416666667       0.902998750000000      -0.117537803248988     
   6.60932416666667        1.20333166666667      -0.117963194610478     
   6.60932416666667        1.50366458333333      -0.117859070771847     
   6.60932416666667        1.80399750000000      -0.117481092600880     
   6.60932416666667        2.10433041666667      -0.116965680446022     
   6.60932416666667        2.40466333333333      -0.116292102326950     
   6.60932416666667        2.70499625000000      -0.115304369600352     
   6.60932416666667        3.00532916666667      -0.113908273868218     
   6.60932416666667        3.30566208333333      -0.111925844005272     
   6.60932416666667        3.60599500000000      -0.109283432873047     
   6.60932416666667        3.90632791666667      -0.105912781929685     
   6.60932416666667        4.20666083333333      -0.101815072925353     
   6.60932416666667        4.50699375000000      -9.731486841947982E-002
   6.60932416666667        4.80732666666667      -9.293228464352427E-002
   6.60932416666667        5.10765958333333      -8.881582298517915E-002
   6.60932416666667        5.40799250000000      -8.509059523779368E-002
   6.60932416666667        5.70832541666667      -8.174604392236304E-002
   6.60932416666667        6.00865833333333      -7.864246234575169E-002
   6.60932416666667        6.30899125000000      -7.556866003354208E-002
   6.60932416666667        6.60932416666667      -7.237222169781400E-002
   6.60932416666667        6.90965708333333      -6.950925875870302E-002
   6.60932416666667        7.20999000000000      -6.701862473169880E-002
   6.90965708333333       2.000000000000000E-003 -0.114528750583800     
   6.90965708333333       0.302332916666667      -0.110981564418715     
   6.90965708333333       0.602665833333333      -0.110741525770633     
   6.90965708333333       0.902998750000000      -0.110663178938636     
   6.90965708333333        1.20333166666667      -0.109935365392763     
   6.90965708333333        1.50366458333333      -0.109018274350891     
   6.90965708333333        1.80399750000000      -0.108150243991011     
   6.90965708333333        2.10433041666667      -0.107392159483860     
   6.90965708333333        2.40466333333333      -0.106678669331261     
   6.90965708333333        2.70499625000000      -0.105904546967842     
   6.90965708333333        3.00532916666667      -0.104977520275920     
   6.90965708333333        3.30566208333333      -0.103701615575695     
   6.90965708333333        3.60599500000000      -0.101929185025596     
   6.90965708333333        3.90632791666667      -9.901780922490329E-002
   6.90965708333333        4.20666083333333      -9.527786254900777E-002
   6.90965708333333        4.50699375000000      -9.098974065812271E-002
   6.90965708333333        4.80732666666667      -8.686363047873939E-002
   6.90965708333333        5.10765958333333      -8.313781476054859E-002
   6.90965708333333        5.40799250000000      -7.987030250137486E-002
   6.90965708333333        5.70832541666667      -7.706366540323716E-002
   6.90965708333333        6.00865833333333      -7.458177491284430E-002
   6.90965708333333        6.30899125000000      -7.218657413974972E-002
   6.90965708333333        6.60932416666667      -6.950851959954407E-002
   6.90965708333333        6.90965708333333      -6.674742991885727E-002
   6.90965708333333        7.20999000000000      -6.501728097724213E-002
   7.20999000000000       2.000000000000000E-003 -0.104840101138157     
   7.20999000000000       0.302332916666667      -0.106155042587692     
   7.20999000000000       0.602665833333333      -0.104563764916407     
   7.20999000000000       0.902998750000000      -0.102945182318477     
   7.20999000000000        1.20333166666667      -0.101529769498310     
   7.20999000000000        1.50366458333333      -0.100337621465365     
   7.20999000000000        1.80399750000000      -9.936657796108794E-002
   7.20999000000000        2.10433041666667      -9.861432335816653E-002
   7.20999000000000        2.40466333333333      -9.805084705644987E-002
   7.20999000000000        2.70499625000000      -9.767570202089107E-002
   7.20999000000000        3.00532916666667      -9.743403672409870E-002
   7.20999000000000        3.30566208333333      -9.695238327055290E-002
   7.20999000000000        3.60599500000000      -9.609798474518354E-002
   7.20999000000000        3.90632791666667      -9.297148010235262E-002
   7.20999000000000        4.20666083333333      -8.946128929396580E-002
   7.20999000000000        4.50699375000000      -8.520157376394832E-002
   7.20999000000000        4.80732666666667      -8.119510495396152E-002
   7.20999000000000        5.10765958333333      -7.774371294778816E-002
   7.20999000000000        5.40799250000000      -7.484121460703770E-002
   7.20999000000000        5.70832541666667      -7.244799864984293E-002
   7.20999000000000        6.00865833333333      -7.046103042948078E-002
   7.20999000000000        6.30899125000000      -6.872611120100341E-002
   7.20999000000000        6.60932416666667      -6.701803248546656E-002
   7.20999000000000        6.90965708333333      -6.501661465321600E-002
   7.20999000000000        7.20999000000000      -6.199618430235136E-002
