  2.000000000000000E-003  2.000000000000000E-003 -0.178628786209275     
  2.000000000000000E-003  0.302332916666667      -0.182764194892533     
  2.000000000000000E-003  0.602665833333333      -0.181885145312933     
  2.000000000000000E-003  0.902998750000000      -0.178859782542332     
  2.000000000000000E-003   1.20333166666667      -0.175985795581494     
  2.000000000000000E-003   1.50366458333333      -0.173557762512943     
  2.000000000000000E-003   1.80399750000000      -0.171483288103377     
  2.000000000000000E-003   2.10433041666667      -0.169729396346756     
  2.000000000000000E-003   2.40466333333333      -0.168263360470856     
  2.000000000000000E-003   2.70499625000000      -0.166835134516582     
  2.000000000000000E-003   3.00532916666667      -0.165018422389228     
  2.000000000000000E-003   3.30566208333333      -0.161721029665688     
  2.000000000000000E-003   3.60599500000000      -0.156563875957899     
  2.000000000000000E-003   3.90632791666667      -0.150726082750357     
  2.000000000000000E-003   4.20666083333333      -0.143316935818484     
  2.000000000000000E-003   4.50699375000000      -0.133301703784343     
  2.000000000000000E-003   4.80732666666667      -0.123533118814849     
  2.000000000000000E-003   5.10765958333333      -0.115218124670447     
  2.000000000000000E-003   5.40799250000000      -0.108628512986427     
  2.000000000000000E-003   5.70832541666667      -0.103547368983899     
  2.000000000000000E-003   6.00865833333333      -9.978180693013156E-002
  2.000000000000000E-003   6.30899125000000      -9.710938496555924E-002
  2.000000000000000E-003   6.60932416666667      -9.492233235980002E-002
  2.000000000000000E-003   6.90965708333333      -9.119822656028573E-002
  2.000000000000000E-003   7.20999000000000      -8.576409688570866E-002
  0.302332916666667       2.000000000000000E-003 -0.194657580495717     
  0.302332916666667       0.302332916666667      -0.187976571448014     
  0.302332916666667       0.602665833333333      -0.189311615299252     
  0.302332916666667       0.902998750000000      -0.192134226740067     
  0.302332916666667        1.20333166666667      -0.192295092612719     
  0.302332916666667        1.50366458333333      -0.191075195982009     
  0.302332916666667        1.80399750000000      -0.189311445623563     
  0.302332916666667        2.10433041666667      -0.187313831361949     
  0.302332916666667        2.40466333333333      -0.185096356804556     
  0.302332916666667        2.70499625000000      -0.182152419080491     
  0.302332916666667        3.00532916666667      -0.177718357926011     
  0.302332916666667        3.30566208333333      -0.171338419199840     
  0.302332916666667        3.60599500000000      -0.164503122031569     
  0.302332916666667        3.90632791666667      -0.158476703862514     
  0.302332916666667        4.20666083333333      -0.150889166024109     
  0.302332916666667        4.50699375000000      -0.141222238643790     
  0.302332916666667        4.80732666666667      -0.131528696387546     
  0.302332916666667        5.10765958333333      -0.122894765260318     
  0.302332916666667        5.40799250000000      -0.115652922551288     
  0.302332916666667        5.70832541666667      -0.109747573088947     
  0.302332916666667        6.00865833333333      -0.104921739084460     
  0.302332916666667        6.30899125000000      -0.100766064822731     
  0.302332916666667        6.60932416666667      -9.647309254473195E-002
  0.302332916666667        6.90965708333333      -9.189507119576011E-002
  0.302332916666667        7.20999000000000      -8.896590196259792E-002
  0.602665833333333       2.000000000000000E-003 -0.205055468272142     
  0.602665833333333       0.302332916666667      -0.203508614439731     
  0.602665833333333       0.602665833333333      -0.203218374042560     
  0.602665833333333       0.902998750000000      -0.207075194440364     
  0.602665833333333        1.20333166666667      -0.209526138046429     
  0.602665833333333        1.50366458333333      -0.209923732670417     
  0.602665833333333        1.80399750000000      -0.208870664017068     
  0.602665833333333        2.10433041666667      -0.206845203724351     
  0.602665833333333        2.40466333333333      -0.203989688838218     
  0.602665833333333        2.70499625000000      -0.199843127308864     
  0.602665833333333        3.00532916666667      -0.193453395837341     
  0.602665833333333        3.30566208333333      -0.184762897022596     
  0.602665833333333        3.60599500000000      -0.175568043945182     
  0.602665833333333        3.90632791666667      -0.167372181307248     
  0.602665833333333        4.20666083333333      -0.158777011370285     
  0.602665833333333        4.50699375000000      -0.149142237534281     
  0.602665833333333        4.80732666666667      -0.139544564225641     
  0.602665833333333        5.10765958333333      -0.130593219258643     
  0.602665833333333        5.40799250000000      -0.122697198195911     
  0.602665833333333        5.70832541666667      -0.115871163754377     
  0.602665833333333        6.00865833333333      -0.109844319545073     
  0.602665833333333        6.30899125000000      -0.104264555201178     
  0.602665833333333        6.60932416666667      -9.888395227678617E-002
  0.602665833333333        6.90965708333333      -9.438180715775246E-002
  0.602665833333333        7.20999000000000      -9.029138840329327E-002
  0.902998750000000       2.000000000000000E-003 -0.208367561846346     
  0.902998750000000       0.302332916666667      -0.215218678414587     
  0.902998750000000       0.602665833333333      -0.219452278487805     
  0.902998750000000       0.902998750000000      -0.224532947166406     
  0.902998750000000        1.20333166666667      -0.228636750001925     
  0.902998750000000        1.50366458333333      -0.230582050075037     
  0.902998750000000        1.80399750000000      -0.230376378758313     
  0.902998750000000        2.10433041666667      -0.228453269827418     
  0.902998750000000        2.40466333333333      -0.225209922651310     
  0.902998750000000        2.70499625000000      -0.220177674759386     
  0.902998750000000        3.00532916666667      -0.212754724914471     
  0.902998750000000        3.30566208333333      -0.202925188886225     
  0.902998750000000        3.60599500000000      -0.191825908071979     
  0.902998750000000        3.90632791666667      -0.180638476377753     
  0.902998750000000        4.20666083333333      -0.169522569363503     
  0.902998750000000        4.50699375000000      -0.158541372253034     
  0.902998750000000        4.80732666666667      -0.148142726998027     
  0.902998750000000        5.10765958333333      -0.138516041668668     
  0.902998750000000        5.40799250000000      -0.129775945213553     
  0.902998750000000        5.70832541666667      -0.121953932476017     
  0.902998750000000        6.00865833333333      -0.114792579402296     
  0.902998750000000        6.30899125000000      -0.108131622886476     
  0.902998750000000        6.60932416666667      -0.102003931991565     
  0.902998750000000        6.90965708333333      -9.651157171555357E-002
  0.902998750000000        7.20999000000000      -9.085428082056657E-002
   1.20333166666667       2.000000000000000E-003 -0.213783376038511     
   1.20333166666667       0.302332916666667      -0.225710865415741     
   1.20333166666667       0.602665833333333      -0.235281557336128     
   1.20333166666667       0.902998750000000      -0.243647087048549     
   1.20333166666667        1.20333166666667      -0.250114674596905     
   1.20333166666667        1.50366458333333      -0.253768741861924     
   1.20333166666667        1.80399750000000      -0.254398260296297     
   1.20333166666667        2.10433041666667      -0.252631874550082     
   1.20333166666667        2.40466333333333      -0.248853328850298     
   1.20333166666667        2.70499625000000      -0.242695296504846     
   1.20333166666667        3.00532916666667      -0.233969646458704     
   1.20333166666667        3.30566208333333      -0.222806678173155     
   1.20333166666667        3.60599500000000      -0.209817231246067     
   1.20333166666667        3.90632791666667      -0.195977629339100     
   1.20333166666667        4.20666083333333      -0.182201249770816     
   1.20333166666667        4.50699375000000      -0.169208570740207     
   1.20333166666667        4.80732666666667      -0.157357198686281     
   1.20333166666667        5.10765958333333      -0.146631186088803     
   1.20333166666667        5.40799250000000      -0.136853426639316     
   1.20333166666667        5.70832541666667      -0.127919800996464     
   1.20333166666667        6.00865833333333      -0.119612553791700     
   1.20333166666667        6.30899125000000      -0.111863570929970     
   1.20333166666667        6.60932416666667      -0.104725617433025     
   1.20333166666667        6.90965708333333      -9.810556149069427E-002
   1.20333166666667        7.20999000000000      -9.153922062770502E-002
   1.50366458333333       2.000000000000000E-003 -0.224224500410208     
   1.50366458333333       0.302332916666667      -0.239680468828138     
   1.50366458333333       0.602665833333333      -0.253655760779305     
   1.50366458333333       0.902998750000000      -0.265878196802852     
   1.50366458333333        1.20333166666667      -0.275308961153584     
   1.50366458333333        1.50366458333333      -0.280836818628106     
   1.50366458333333        1.80399750000000      -0.282255799626184     
   1.50366458333333        2.10433041666667      -0.280249763189918     
   1.50366458333333        2.40466333333333      -0.275088130628550     
   1.50366458333333        2.70499625000000      -0.267027906852997     
   1.50366458333333        3.00532916666667      -0.256294025311633     
   1.50366458333333        3.30566208333333      -0.243128980326176     
   1.50366458333333        3.60599500000000      -0.228019930670098     
   1.50366458333333        3.90632791666667      -0.211833851447487     
   1.50366458333333        4.20666083333333      -0.195674016555188     
   1.50366458333333        4.50699375000000      -0.180524951346925     
   1.50366458333333        4.80732666666667      -0.166909303375032     
   1.50366458333333        5.10765958333333      -0.154794721435199     
   1.50366458333333        5.40799250000000      -0.143824688304305     
   1.50366458333333        5.70832541666667      -0.133680038738264     
   1.50366458333333        6.00865833333333      -0.124186983799234     
   1.50366458333333        6.30899125000000      -0.115314634456475     
   1.50366458333333        6.60932416666667      -0.107152248438398     
   1.50366458333333        6.90965708333333      -9.964860651527678E-002
   1.50366458333333        7.20999000000000      -9.253807139192563E-002
   1.80399750000000       2.000000000000000E-003 -0.240857416567581     
   1.80399750000000       0.302332916666667      -0.259625112969547     
   1.80399750000000       0.602665833333333      -0.277504644604083     
   1.80399750000000       0.902998750000000      -0.293582885308028     
   1.80399750000000        1.20333166666667      -0.306180376934988     
   1.80399750000000        1.50366458333333      -0.313712494990128     
   1.80399750000000        1.80399750000000      -0.315627277226667     
   1.80399750000000        2.10433041666667      -0.312130068174786     
   1.80399750000000        2.40466333333333      -0.304139233585190     
   1.80399750000000        2.70499625000000      -0.292834059122582     
   1.80399750000000        3.00532916666667      -0.279095618993634     
   1.80399750000000        3.30566208333333      -0.263362630627398     
   1.80399750000000        3.60599500000000      -0.245964430587260     
   1.80399750000000        3.90632791666667      -0.227541182093929     
   1.80399750000000        4.20666083333333      -0.209131059208805     
   1.80399750000000        4.50699375000000      -0.191842956866694     
   1.80399750000000        4.80732666666667      -0.176373635930886     
   1.80399750000000        5.10765958333333      -0.162755249508156     
   1.80399750000000        5.40799250000000      -0.150531748837144     
   1.80399750000000        5.70832541666667      -0.139198966955534     
   1.80399750000000        6.00865833333333      -0.128536549139337     
   1.80399750000000        6.30899125000000      -0.118598014039355     
   1.80399750000000        6.60932416666667      -0.109536141273097     
   1.80399750000000        6.90965708333333      -0.101365822571794     
   1.80399750000000        7.20999000000000      -9.387121928452545E-002
   2.10433041666667       2.000000000000000E-003 -0.264926163578353     
   2.10433041666667       0.302332916666667      -0.287372008225312     
   2.10433041666667       0.602665833333333      -0.308996487259846     
   2.10433041666667       0.902998750000000      -0.328730827657559     
   2.10433041666667        1.20333166666667      -0.344358393210952     
   2.10433041666667        1.50366458333333      -0.353567503787172     
   2.10433041666667        1.80399750000000      -0.354860630084037     
   2.10433041666667        2.10433041666667      -0.348387923298322     
   2.10433041666667        2.40466333333333      -0.335898039248010     
   2.10433041666667        2.70499625000000      -0.319753169616145     
   2.10433041666667        3.00532916666667      -0.301772063914728     
   2.10433041666667        3.30566208333333      -0.282740456744328     
   2.10433041666667        3.60599500000000      -0.262809947884787     
   2.10433041666667        3.90632791666667      -0.242239599500449     
   2.10433041666667        4.20666083333333      -0.221791415233028     
   2.10433041666667        4.50699375000000      -0.202539118875637     
   2.10433041666667        4.80732666666667      -0.185303553608634     
   2.10433041666667        5.10765958333333      -0.170217000178678     
   2.10433041666667        5.40799250000000      -0.156791161029868     
   2.10433041666667        5.70832541666667      -0.144393328213101     
   2.10433041666667        6.00865833333333      -0.132709265993509     
   2.10433041666667        6.30899125000000      -0.121839057627988     
   2.10433041666667        6.60932416666667      -0.112027329753778     
   2.10433041666667        6.90965708333333      -0.103349217733187     
   2.10433041666667        7.20999000000000      -9.554344456928945E-002
   2.40466333333333       2.000000000000000E-003 -0.298541796098421     
   2.40466333333333       0.302332916666667      -0.324955680719823     
   2.40466333333333       0.602665833333333      -0.349804927084176     
   2.40466333333333       0.902998750000000      -0.371979997105998     
   2.40466333333333        1.20333166666667      -0.389348137010345     
   2.40466333333333        1.50366458333333      -0.398966655391800     
   2.40466333333333        1.80399750000000      -0.398433014550670     
   2.40466333333333        2.10433041666667      -0.387700825647486     
   2.40466333333333        2.40466333333333      -0.369313708886971     
   2.40466333333333        2.70499625000000      -0.346965100368628     
   2.40466333333333        3.00532916666667      -0.323634238907074     
   2.40466333333333        3.30566208333333      -0.300615174122305     
   2.40466333333333        3.60599500000000      -0.277905307884928     
   2.40466333333333        3.90632791666667      -0.255276538741173     
   2.40466333333333        4.20666083333333      -0.233045192965163     
   2.40466333333333        4.50699375000000      -0.212100007520112     
   2.40466333333333        4.80732666666667      -0.193306653796332     
   2.40466333333333        5.10765958333333      -0.176895845680917     
   2.40466333333333        5.40799250000000      -0.162393040029942     
   2.40466333333333        5.70832541666667      -0.149084571958752     
   2.40466333333333        6.00865833333333      -0.136574649535966     
   2.40466333333333        6.30899125000000      -0.124973312076250     
   2.40466333333333        6.60932416666667      -0.114612166462706     
   2.40466333333333        6.90965708333333      -0.105584784499977     
   2.40466333333333        7.20999000000000      -9.755799469220888E-002
   2.70499625000000       2.000000000000000E-003 -0.341827551580641     
   2.70499625000000       0.302332916666667      -0.372572917745443     
   2.70499625000000       0.602665833333333      -0.400981337645960     
   2.70499625000000       0.902998750000000      -0.423498388230650     
   2.70499625000000        1.20333166666667      -0.438538281684339     
   2.70499625000000        1.50366458333333      -0.446201677301326     
   2.70499625000000        1.80399750000000      -0.442604504813326     
   2.70499625000000        2.10433041666667      -0.426847498396105     
   2.70499625000000        2.40466333333333      -0.401925729905795     
   2.70499625000000        2.70499625000000      -0.372768633755759     
   2.70499625000000        3.00532916666667      -0.343576747770691     
   2.70499625000000        3.30566208333333      -0.316266348602953     
   2.70499625000000        3.60599500000000      -0.290723609391700     
   2.70499625000000        3.90632791666667      -0.266184163041289     
   2.70499625000000        4.20666083333333      -0.242443323809803     
   2.70499625000000        4.50699375000000      -0.220119821858315     
   2.70499625000000        4.80732666666667      -0.200046800459745     
   2.70499625000000        5.10765958333333      -0.182525746633019     
   2.70499625000000        5.40799250000000      -0.167118806163070     
   2.70499625000000        5.70832541666667      -0.153067748684631     
   2.70499625000000        6.00865833333333      -0.139911753076388     
   2.70499625000000        6.30899125000000      -0.127765790407866     
   2.70499625000000        6.60932416666667      -0.117030361872027     
   2.70499625000000        6.90965708333333      -0.107877962173569     
   2.70499625000000        7.20999000000000      -9.986460337097548E-002
   3.00532916666667       2.000000000000000E-003 -0.388946860174244     
   3.00532916666667       0.302332916666667      -0.423984036276480     
   3.00532916666667       0.602665833333333      -0.455432624934604     
   3.00532916666667       0.902998750000000      -0.479036613238408     
   3.00532916666667        1.20333166666667      -0.487320719852260     
   3.00532916666667        1.50366458333333      -0.489315572962675     
   3.00532916666667        1.80399750000000      -0.481626855286619     
   3.00532916666667        2.10433041666667      -0.460910402824340     
   3.00532916666667        2.40466333333333      -0.429943368356706     
   3.00532916666667        2.70499625000000      -0.394545828256803     
   3.00532916666667        3.00532916666667      -0.359986123723468     
   3.00532916666667        3.30566208333333      -0.328791476477799     
   3.00532916666667        3.60599500000000      -0.300752514219850     
   3.00532916666667        3.90632791666667      -0.274583643699004     
   3.00532916666667        4.20666083333333      -0.249622110194881     
   3.00532916666667        4.50699375000000      -0.226243009696406     
   3.00532916666667        4.80732666666667      -0.205204003030288     
   3.00532916666667        5.10765958333333      -0.186836599014449     
   3.00532916666667        5.40799250000000      -0.170737782278494     
   3.00532916666667        5.70832541666667      -0.156124420706269     
   3.00532916666667        6.00865833333333      -0.142478588078658     
   3.00532916666667        6.30899125000000      -0.129900473000145     
   3.00532916666667        6.60932416666667      -0.118868054957929     
   3.00532916666667        6.90965708333333      -0.109803420248280     
   3.00532916666667        7.20999000000000      -0.102115103499259     
   3.30566208333333       2.000000000000000E-003 -0.422423498855008     
   3.30566208333333       0.302332916666667      -0.463491216315395     
   3.30566208333333       0.602665833333333      -0.499200206655462     
   3.30566208333333       0.902998750000000      -0.522946216580583     
   3.30566208333333        1.20333166666667      -0.526697601622788     
   3.30566208333333        1.50366458333333      -0.520500942749209     
   3.30566208333333        1.80399750000000      -0.508833319006533     
   3.30566208333333        2.10433041666667      -0.484350616660981     
   3.30566208333333        2.40466333333333      -0.449071576692713     
   3.30566208333333        2.70499625000000      -0.409277698710782     
   3.30566208333333        3.00532916666667      -0.370963358024651     
   3.30566208333333        3.30566208333333      -0.337098477868426     
   3.30566208333333        3.60599500000000      -0.307361188975918     
   3.30566208333333        3.90632791666667      -0.280037390338231     
   3.30566208333333        4.20666083333333      -0.254205570302951     
   3.30566208333333        4.50699375000000      -0.230119601073852     
   3.30566208333333        4.80732666666667      -0.208463132402469     
   3.30566208333333        5.10765958333333      -0.189561053848932     
   3.30566208333333        5.40799250000000      -0.173024509266955     
   3.30566208333333        5.70832541666667      -0.158051201083249     
   3.30566208333333        6.00865833333333      -0.144057476352399     
   3.30566208333333        6.30899125000000      -0.131137444834356     
   3.30566208333333        6.60932416666667      -0.119771095499304     
   3.30566208333333        6.90965708333333      -0.110765490558708     
   3.30566208333333        7.20999000000000      -0.103397672044737     
   3.60599500000000       2.000000000000000E-003 -0.428087799099673     
   3.60599500000000       0.302332916666667      -0.476394129050731     
   3.60599500000000       0.602665833333333      -0.515917454955501     
   3.60599500000000       0.902998750000000      -0.539840761780295     
   3.60599500000000        1.20333166666667      -0.542037134785339     
   3.60599500000000        1.50366458333333      -0.532048415898606     
   3.60599500000000        1.80399750000000      -0.518643348686480     
   3.60599500000000        2.10433041666667      -0.492733138556016     
   3.60599500000000        2.40466333333333      -0.455884259213703     
   3.60599500000000        2.70499625000000      -0.414506098835191     
   3.60599500000000        3.00532916666667      -0.374851706987338     
   3.60599500000000        3.30566208333333      -0.340054035112342     
   3.60599500000000        3.60599500000000      -0.309726995910345     
   3.60599500000000        3.90632791666667      -0.281968327433746     
   3.60599500000000        4.20666083333333      -0.255799041543396     
   3.60599500000000        4.50699375000000      -0.231453204020002     
   3.60599500000000        4.80732666666667      -0.209580906423991     
   3.60599500000000        5.10765958333333      -0.190496092361328     
   3.60599500000000        5.40799250000000      -0.173810366221796     
   3.60599500000000        5.70832541666667      -0.158712543190080     
   3.60599500000000        6.00865833333333      -0.144589002843928     
   3.60599500000000        6.30899125000000      -0.131529132296247     
   3.60599500000000        6.60932416666667      -0.119973225637468     
   3.60599500000000        6.90965708333333      -0.111015304693724     
   3.60599500000000        7.20999000000000      -0.104161921339972     
   3.90632791666667       2.000000000000000E-003 -0.422455072861411     
   3.90632791666667       0.302332916666667      -0.463525893187280     
   3.90632791666667       0.602665833333333      -0.499225684024684     
   3.90632791666667       0.902998750000000      -0.522962911031168     
   3.90632791666667        1.20333166666667      -0.526709917380132     
   3.90632791666667        1.50366458333333      -0.520510782124820     
   3.90632791666667        1.80399750000000      -0.508841586365615     
   3.90632791666667        2.10433041666667      -0.484357911158413     
   3.90632791666667        2.40466333333333      -0.449078346167991     
   3.90632791666667        2.70499625000000      -0.409284061717169     
   3.90632791666667        3.00532916666667      -0.370969366170402     
   3.90632791666667        3.30566208333333      -0.337104141487025     
   3.90632791666667        3.60599500000000      -0.307366374244725     
   3.90632791666667        3.90632791666667      -0.280042096122698     
   3.90632791666667        4.20666083333333      -0.254209789278391     
   3.90632791666667        4.50699375000000      -0.230123637737916     
   3.90632791666667        4.80732666666667      -0.208467560264091     
   3.90632791666667        5.10765958333333      -0.189566751710356     
   3.90632791666667        5.40799250000000      -0.173032605183780     
   3.90632791666667        5.70832541666667      -0.158063455867021     
   3.90632791666667        6.00865833333333      -0.144077953624919     
   3.90632791666667        6.30899125000000      -0.131172717535700     
   3.90632791666667        6.60932416666667      -0.119824463834717     
   3.90632791666667        6.90965708333333      -0.110822852945622     
   3.90632791666667        7.20999000000000      -0.103408187648262     
   4.20666083333333       2.000000000000000E-003 -0.389003972923697     
   4.20666083333333       0.302332916666667      -0.424040932816710     
   4.20666083333333       0.602665833333333      -0.455475980653521     
   4.20666083333333       0.902998750000000      -0.479067669925458     
   4.20666083333333        1.20333166666667      -0.487344921363106     
   4.20666083333333        1.50366458333333      -0.489335642024271     
   4.20666083333333        1.80399750000000      -0.481644104954943     
   4.20666083333333        2.10433041666667      -0.460925694903392     
   4.20666083333333        2.40466333333333      -0.429957156211293     
   4.20666083333333        2.70499625000000      -0.394558479169336     
   4.20666083333333        3.00532916666667      -0.359997834514810     
   4.20666083333333        3.30566208333333      -0.328802397464527     
   4.20666083333333        3.60599500000000      -0.300762621526465     
   4.20666083333333        3.90632791666667      -0.274592891133455     
   4.20666083333333        4.20666083333333      -0.249630464730884     
   4.20666083333333        4.50699375000000      -0.226250817369601     
   4.20666083333333        4.80732666666667      -0.205212162691294     
   4.20666083333333        5.10765958333333      -0.186846571088303     
   4.20666083333333        5.40799250000000      -0.170751490043080     
   4.20666083333333        5.70832541666667      -0.156144385199607     
   4.20666083333333        6.00865833333333      -0.142509271922265     
   4.20666083333333        6.30899125000000      -0.129949537057779     
   4.20666083333333        6.60932416666667      -0.118934513071666     
   4.20666083333333        6.90965708333333      -0.109865711720762     
   4.20666083333333        7.20999000000000      -0.102133521177820     
   4.50699375000000       2.000000000000000E-003 -0.341881361477098     
   4.50699375000000       0.302332916666667      -0.372629912543155     
   4.50699375000000       0.602665833333333      -0.401030125689176     
   4.50699375000000       0.902998750000000      -0.423538170412853     
   4.50699375000000        1.20333166666667      -0.438572224039483     
   4.50699375000000        1.50366458333333      -0.446231641730536     
   4.50699375000000        1.80399750000000      -0.442631141198367     
   4.50699375000000        2.10433041666667      -0.426871061572616     
   4.50699375000000        2.40466333333333      -0.401946433582934     
   4.50699375000000        2.70499625000000      -0.372786909910500     
   4.50699375000000        3.00532916666667      -0.343593218478825     
   4.50699375000000        3.30566208333333      -0.316281646808763     
   4.50699375000000        3.60599500000000      -0.290738095981813     
   4.50699375000000        3.90632791666667      -0.266197798347155     
   4.50699375000000        4.20666083333333      -0.242455869229705     
   4.50699375000000        4.50699375000000      -0.220131271301558     
   4.50699375000000        4.80732666666667      -0.200057901048142     
   4.50699375000000        5.10765958333333      -0.182538106264280     
   4.50699375000000        5.40799250000000      -0.167134696721619     
   4.50699375000000        5.70832541666667      -0.153089685067396     
   4.50699375000000        6.00865833333333      -0.139942593385457     
   4.50699375000000        6.30899125000000      -0.127809052327857     
   4.50699375000000        6.60932416666667      -0.117084294228390     
   4.50699375000000        6.90965708333333      -0.107925599859934     
   4.50699375000000        7.20999000000000      -9.988419375281288E-002
   4.80732666666667       2.000000000000000E-003 -0.298577466849292     
   4.80732666666667       0.302332916666667      -0.324998563887445     
   4.80732666666667       0.602665833333333      -0.349848133440414     
   4.80732666666667       0.902998750000000      -0.372021844604698     
   4.80732666666667        1.20333166666667      -0.389388342633939     
   4.80732666666667        1.50366458333333      -0.399004579712278     
   4.80732666666667        1.80399750000000      -0.398467691894944     
   4.80732666666667        2.10433041666667      -0.387731311427841     
   4.80732666666667        2.40466333333333      -0.369339673755479     
   4.80732666666667        2.70499625000000      -0.346987121441528     
   4.80732666666667        3.00532916666667      -0.323653621592817     
   4.80732666666667        3.30566208333333      -0.300633516493768     
   4.80732666666667        3.60599500000000      -0.277923530408005     
   4.80732666666667        3.90632791666667      -0.255294667156003     
   4.80732666666667        4.20666083333333      -0.233062425215921     
   4.80732666666667        4.50699375000000      -0.212115556238681     
   4.80732666666667        4.80732666666667      -0.193320572739191     
   4.80732666666667        5.10765958333333      -0.176909473074137     
   4.80732666666667        5.40799250000000      -0.162408625357983     
   4.80732666666667        5.70832541666667      -0.149104508208205     
   4.80732666666667        6.00865833333333      -0.136600659435773     
   4.80732666666667        6.30899125000000      -0.125005662025822     
   4.80732666666667        6.60932416666667      -0.114648201575451     
   4.80732666666667        6.90965708333333      -0.105616739455223     
   4.80732666666667        7.20999000000000      -9.757556509292849E-002
   5.10765958333333       2.000000000000000E-003 -0.264940141856978     
   5.10765958333333       0.302332916666667      -0.287396814542408     
   5.10765958333333       0.602665833333333      -0.309030062022662     
   5.10765958333333       0.902998750000000      -0.328770229806047     
   5.10765958333333        1.20333166666667      -0.344400679952414     
   5.10765958333333        1.50366458333333      -0.353609666547504     
   5.10765958333333        1.80399750000000      -0.354899820014345     
   5.10765958333333        2.10433041666667      -0.348421876504773     
   5.10765958333333        2.40466333333333      -0.335925859738608     
   5.10765958333333        2.70499625000000      -0.319775742521916     
   5.10765958333333        3.00532916666667      -0.301791763034001     
   5.10765958333333        3.30566208333333      -0.282760118506441     
   5.10765958333333        3.60599500000000      -0.262831390325488     
   5.10765958333333        3.90632791666667      -0.242262737937375     
   5.10765958333333        4.20666083333333      -0.221814487068934     
   5.10765958333333        4.50699375000000      -0.202560029364651     
   5.10765958333333        4.80732666666667      -0.185321262996645     
   5.10765958333333        5.10765958333333      -0.170232189109299     
   5.10765958333333        5.40799250000000      -0.156805915103959     
   5.10765958333333        5.70832541666667      -0.144410063434065     
   5.10765958333333        6.00865833333333      -0.132729479894112     
   5.10765958333333        6.30899125000000      -0.121862499859576     
   5.10765958333333        6.60932416666667      -0.112051784103727     
   5.10765958333333        6.90965708333333      -0.103371019126807     
   5.10765958333333        7.20999000000000      -9.555912380836634E-002
   5.40799250000000       2.000000000000000E-003 -0.240852253639307     
   5.40799250000000       0.302332916666667      -0.259630276452979     
   5.40799250000000       0.602665833333333      -0.277523418588418     
   5.40799250000000       0.902998750000000      -0.293614858837238     
   5.40799250000000        1.20333166666667      -0.306220607791893     
   5.40799250000000        1.50366458333333      -0.313754432148313     
   5.40799250000000        1.80399750000000      -0.315666242335550     
   5.40799250000000        2.10433041666667      -0.312162757192480     
   5.40799250000000        2.40466333333333      -0.304164430567886     
   5.40799250000000        2.70499625000000      -0.292853273180201     
   5.40799250000000        3.00532916666667      -0.279112648396351     
   5.40799250000000        3.30566208333333      -0.263382000843220     
   5.40799250000000        3.60599500000000      -0.245988949974954     
   5.40799250000000        3.90632791666667      -0.227570426313823     
   5.40799250000000        4.20666083333333      -0.209161788734590     
   5.40799250000000        4.50699375000000      -0.191871222767789     
   5.40799250000000        4.80732666666667      -0.176396956244181     
   5.40799250000000        5.10765958333333      -0.162773572428576     
   5.40799250000000        5.40799250000000      -0.150547003682236     
   5.40799250000000        5.70832541666667      -0.139213732463213     
   5.40799250000000        6.00865833333333      -0.128552618283367     
   5.40799250000000        6.30899125000000      -0.118615657070600     
   5.40799250000000        6.60932416666667      -0.109553771483660     
   5.40799250000000        6.90965708333333      -0.101381720070744     
   5.40799250000000        7.20999000000000      -9.388498887123202E-002
   5.70832541666667       2.000000000000000E-003 -0.224202957648694     
   5.70832541666667       0.302332916666667      -0.239663145062285     
   5.70832541666667       0.602665833333333      -0.253653938901211     
   5.70832541666667       0.902998750000000      -0.265896481057616     
   5.70832541666667        1.20333166666667      -0.275342133502702     
   5.70832541666667        1.50366458333333      -0.280874870700645     
   5.70832541666667        1.80399750000000      -0.282290381820046     
   5.70832541666667        2.10433041666667      -0.280276843973590     
   5.70832541666667        2.40466333333333      -0.275106585958697     
   5.70832541666667        2.70499625000000      -0.267040003719808     
   5.70832541666667        3.00532916666667      -0.256305330678612     
   5.70832541666667        3.30566208333333      -0.243146469839321     
   5.70832541666667        3.60599500000000      -0.228048180132729     
   5.70832541666667        3.90632791666667      -0.211871588168424     
   5.70832541666667        4.20666083333333      -0.195715115449654     
   5.70832541666667        4.50699375000000      -0.180562851628724     
   5.70832541666667        4.80732666666667      -0.166940167007974     
   5.70832541666667        5.10765958333333      -0.154818116797710     
   5.70832541666667        5.40799250000000      -0.143842668441244     
   5.70832541666667        5.70832541666667      -0.133695751725106     
   5.70832541666667        6.00865833333333      -0.124203150719929     
   5.70832541666667        6.30899125000000      -0.115330752981082     
   5.70832541666667        6.60932416666667      -0.107165361564432     
   5.70832541666667        6.90965708333333      -9.965750586082832E-002
   5.70832541666667        7.20999000000000      -9.254598256538017E-002
   6.00865833333333       2.000000000000000E-003 -0.213752460822427     
   6.00865833333333       0.302332916666667      -0.225669447175324     
   6.00865833333333       0.602665833333333      -0.235255718040071     
   6.00865833333333       0.902998750000000      -0.243649406216220     
   6.00865833333333        1.20333166666667      -0.250138588506102     
   6.00865833333333        1.50366458333333      -0.253800520261527     
   6.00865833333333        1.80399750000000      -0.254426460688990     
   6.00865833333333        2.10433041666667      -0.252651054091058     
   6.00865833333333        2.40466333333333      -0.248862482757277     
   6.00865833333333        2.70499625000000      -0.242696868197868     
   6.00865833333333        3.00532916666667      -0.233970842141420     
   6.00865833333333        3.30566208333333      -0.222819463897744     
   6.00865833333333        3.60599500000000      -0.209851418228136     
   6.00865833333333        3.90632791666667      -0.196029832241417     
   6.00865833333333        4.20666083333333      -0.182257838722992     
   6.00865833333333        4.50699375000000      -0.169258691980915     
   6.00865833333333        4.80732666666667      -0.157396809272878     
   6.00865833333333        5.10765958333333      -0.146660814843804     
   6.00865833333333        5.40799250000000      -0.136876135878658     
   6.00865833333333        5.70832541666667      -0.127940656216479     
   6.00865833333333        6.00865833333333      -0.119634539020274     
   6.00865833333333        6.30899125000000      -0.111883846097607     
   6.00865833333333        6.60932416666667      -0.104736294272060     
   6.00865833333333        6.90965708333333      -9.810279046477782E-002
   6.00865833333333        7.20999000000000      -9.153257780091223E-002
   6.30899125000000       2.000000000000000E-003 -0.208341208425648     
   6.30899125000000       0.302332916666667      -0.215153911689214     
   6.30899125000000       0.602665833333333      -0.219404971954098     
   6.30899125000000       0.902998750000000      -0.224524638797728     
   6.30899125000000        1.20333166666667      -0.228655045702252     
   6.30899125000000        1.50366458333333      -0.230608690354609     
   6.30899125000000        1.80399750000000      -0.230398479437733     
   6.30899125000000        2.10433041666667      -0.228464916723538     
   6.30899125000000        2.40466333333333      -0.225209388209806     
   6.30899125000000        2.70499625000000      -0.220164967889020     
   6.30899125000000        3.00532916666667      -0.212738334833004     
   6.30899125000000        3.30566208333333      -0.202927748717846     
   6.30899125000000        3.60599500000000      -0.191867592081751     
   6.30899125000000        3.90632791666667      -0.180713091516162     
   6.30899125000000        4.20666083333333      -0.169602740034614     
   6.30899125000000        4.50699375000000      -0.158606529225620     
   6.30899125000000        4.80732666666667      -0.148190513537760     
   6.30899125000000        5.10765958333333      -0.138551331201197     
   6.30899125000000        5.40799250000000      -0.129804684039741     
   6.30899125000000        5.70832541666667      -0.121983255524371     
   6.30899125000000        6.00865833333333      -0.114826072300451     
   6.30899125000000        6.30899125000000      -0.108164076949883     
   6.30899125000000        6.60932416666667      -0.102017750873672     
   6.30899125000000        6.90965708333333      -9.649081023729701E-002
   6.30899125000000        7.20999000000000      -9.081889191042579E-002
   6.60932416666667       2.000000000000000E-003 -0.205048131134618     
   6.60932416666667       0.302332916666667      -0.203424282308076     
   6.60932416666667       0.602665833333333      -0.203166763622979     
   6.60932416666667       0.902998750000000      -0.207070895736982     
   6.60932416666667        1.20333166666667      -0.209546307517425     
   6.60932416666667        1.50366458333333      -0.209948480019503     
   6.60932416666667        1.80399750000000      -0.208888798268277     
   6.60932416666667        2.10433041666667      -0.206852043301125     
   6.60932416666667        2.40466333333333      -0.203982308173298     
   6.60932416666667        2.70499625000000      -0.199817639705161     
   6.60932416666667        3.00532916666667      -0.193419268951088     
   6.60932416666667        3.30566208333333      -0.184749083416063     
   6.60932416666667        3.60599500000000      -0.175613492460068     
   6.60932416666667        3.90632791666667      -0.167468496269714     
   6.60932416666667        4.20666083333333      -0.158875907184065     
   6.60932416666667        4.50699375000000      -0.149218071749950     
   6.60932416666667        4.80732666666667      -0.139596370098124     
   6.60932416666667        5.10765958333333      -0.130631306169974     
   6.60932416666667        5.40799250000000      -0.122731043936625     
   6.60932416666667        5.70832541666667      -0.115908928294484     
   6.60932416666667        6.00865833333333      -0.109891058128969     
   6.60932416666667        6.30899125000000      -0.104316727213312     
   6.60932416666667        6.60932416666667      -9.891702026147041E-002
   6.60932416666667        6.90965708333333      -9.435187052440119E-002
   6.60932416666667        7.20999000000000      -9.022214909872156E-002
   6.90965708333333       2.000000000000000E-003 -0.194647680961349     
   6.90965708333333       0.302332916666667      -0.187906330000318     
   6.90965708333333       0.602665833333333      -0.189291436187003     
   6.90965708333333       0.902998750000000      -0.192148033523381     
   6.90965708333333        1.20333166666667      -0.192320838510871     
   6.90965708333333        1.50366458333333      -0.191099133322959     
   6.90965708333333        1.80399750000000      -0.189327372297691     
   6.90965708333333        2.10433041666667      -0.187319905582726     
   6.90965708333333        2.40466333333333      -0.185089960747604     
   6.90965708333333        2.70499625000000      -0.182130684708394     
   6.90965708333333        3.00532916666667      -0.177684970813879     
   6.90965708333333        3.30566208333333      -0.171313821875153     
   6.90965708333333        3.60599500000000      -0.164539096470157     
   6.90965708333333        3.90632791666667      -0.158568979627583     
   6.90965708333333        4.20666083333333      -0.150977280878351     
   6.90965708333333        4.50699375000000      -0.141287532054420     
   6.90965708333333        4.80732666666667      -0.131574762143616     
   6.90965708333333        5.10765958333333      -0.122931003190948     
   6.90965708333333        5.40799250000000      -0.115688493844840     
   6.90965708333333        5.70832541666667      -0.109789079450002     
   6.90965708333333        6.00865833333333      -0.104973942097508     
   6.90965708333333        6.30899125000000      -0.100829762766703     
   6.90965708333333        6.60932416666667      -9.653834681846295E-002
   6.90965708333333        6.90965708333333      -9.192083002669572E-002
   6.90965708333333        7.20999000000000      -8.893291995668245E-002
   7.20999000000000       2.000000000000000E-003 -0.178615883608442     
   7.20999000000000       0.302332916666667      -0.182771264535404     
   7.20999000000000       0.602665833333333      -0.181904163029706     
   7.20999000000000       0.902998750000000      -0.178886083858322     
   7.20999000000000        1.20333166666667      -0.176011465490412     
   7.20999000000000        1.50366458333333      -0.173577875321897     
   7.20999000000000        1.80399750000000      -0.171496725057098     
   7.20999000000000        2.10433041666667      -0.169737568183153     
   7.20999000000000        2.40466333333333      -0.168267659152274     
   7.20999000000000        2.70499625000000      -0.166837595405386     
   7.20999000000000        3.00532916666667      -0.165023077266771     
   7.20999000000000        3.30566208333333      -0.161733113419434     
   7.20999000000000        3.60599500000000      -0.156584862931420     
   7.20999000000000        3.90632791666667      -0.150754311879585     
   7.20999000000000        4.20666083333333      -0.143348554019000     
   7.20999000000000        4.50699375000000      -0.133332324423417     
   7.20999000000000        4.80732666666667      -0.123562177629017     
   7.20999000000000        5.10765958333333      -0.115247769126634     
   7.20999000000000        5.40799250000000      -0.108661805002912     
   7.20999000000000        5.70832541666667      -0.103586150346685     
   7.20999000000000        6.00865833333333      -9.982586237373399E-002
   7.20999000000000        6.30899125000000      -9.715500737956691E-002
   7.20999000000000        6.60932416666667      -9.496402434743596E-002
   7.20999000000000        6.90965708333333      -9.124363195504394E-002
   7.20999000000000        7.20999000000000      -8.580655880769081E-002
