  2.000000000000000E-003  2.000000000000000E-003  -1.96669193187532     
  2.000000000000000E-003  0.302332916666667       -1.94430915003033     
  2.000000000000000E-003  0.602665833333333       -1.63146981621796     
  2.000000000000000E-003  0.902998750000000       -1.23405492012255     
  2.000000000000000E-003   1.20333166666667      -0.920695378053513     
  2.000000000000000E-003   1.50366458333333      -0.697878740554752     
  2.000000000000000E-003   1.80399750000000      -0.542287345398355     
  2.000000000000000E-003   2.10433041666667      -0.434009074173563     
  2.000000000000000E-003   2.40466333333333      -0.357509428629475     
  2.000000000000000E-003   2.70499625000000      -0.303323032591040     
  2.000000000000000E-003   3.00532916666667      -0.265102408235088     
  2.000000000000000E-003   3.30566208333333      -0.235157718808193     
  2.000000000000000E-003   3.60599500000000      -0.212138726993365     
  2.000000000000000E-003   3.90632791666667      -0.183566401813823     
  2.000000000000000E-003   4.20666083333333      -0.161510983657214     
  2.000000000000000E-003   4.50699375000000      -0.145835586537488     
  2.000000000000000E-003   4.80732666666667      -0.133185422376830     
  2.000000000000000E-003   5.10765958333333      -0.121905419855622     
  2.000000000000000E-003   5.40799250000000      -0.111416097724002     
  2.000000000000000E-003   5.70832541666667      -0.101321461429707     
  2.000000000000000E-003   6.00865833333333      -9.139111741046213E-002
  2.000000000000000E-003   6.30899125000000      -8.162088785848813E-002
  2.000000000000000E-003   6.60932416666667      -7.252244702398308E-002
  2.000000000000000E-003   6.90965708333333      -6.608015407235379E-002
  2.000000000000000E-003   7.20999000000000      -6.293354766916273E-002
  0.302332916666667       2.000000000000000E-003  -1.94429629401651     
  0.302332916666667       0.302332916666667       -1.76853792804886     
  0.302332916666667       0.602665833333333       -1.47840860243230     
  0.302332916666667       0.902998750000000       -1.15279134262788     
  0.302332916666667        1.20333166666667      -0.879640486559623     
  0.302332916666667        1.50366458333333      -0.676340661396483     
  0.302332916666667        1.80399750000000      -0.530619581623804     
  0.302332916666667        2.10433041666667      -0.427629338290700     
  0.302332916666667        2.40466333333333      -0.354156286704972     
  0.302332916666667        2.70499625000000      -0.301505444099495     
  0.302332916666667        3.00532916666667      -0.264431893790573     
  0.302332916666667        3.30566208333333      -0.235706453188245     
  0.302332916666667        3.60599500000000      -0.209732945391006     
  0.302332916666667        3.90632791666667      -0.183387763890530     
  0.302332916666667        4.20666083333333      -0.161743222760183     
  0.302332916666667        4.50699375000000      -0.145799571846431     
  0.302332916666667        4.80732666666667      -0.133005372253672     
  0.302332916666667        5.10765958333333      -0.121712565822184     
  0.302332916666667        5.40799250000000      -0.111305137535137     
  0.302332916666667        5.70832541666667      -0.101394712634023     
  0.302332916666667        6.00865833333333      -9.183467960365535E-002
  0.302332916666667        6.30899125000000      -8.284573756843308E-002
  0.302332916666667        6.60932416666667      -7.524941574505707E-002
  0.302332916666667        6.90965708333333      -6.967402609479374E-002
  0.302332916666667        7.20999000000000      -6.286285791082677E-002
  0.602665833333333       2.000000000000000E-003  -1.63145385702419     
  0.602665833333333       0.302332916666667       -1.47839990489071     
  0.602665833333333       0.602665833333333       -1.22382911657341     
  0.602665833333333       0.902998750000000      -0.987045779522592     
  0.602665833333333        1.20333166666667      -0.783889012166397     
  0.602665833333333        1.50366458333333      -0.622237497273981     
  0.602665833333333        1.80399750000000      -0.499811891364062     
  0.602665833333333        2.10433041666667      -0.409863499183301     
  0.602665833333333        2.40466333333333      -0.344086786056893     
  0.602665833333333        2.70499625000000      -0.295411251288557     
  0.602665833333333        3.00532916666667      -0.260428139969669     
  0.602665833333333        3.30566208333333      -0.232933902229656     
  0.602665833333333        3.60599500000000      -0.207389472233782     
  0.602665833333333        3.90632791666667      -0.182662447863677     
  0.602665833333333        4.20666083333333      -0.161734993754133     
  0.602665833333333        4.50699375000000      -0.145508325307489     
  0.602665833333333        4.80732666666667      -0.132450418463021     
  0.602665833333333        5.10765958333333      -0.121128328909058     
  0.602665833333333        5.40799250000000      -0.110913290757100     
  0.602665833333333        5.70832541666667      -0.101397127601167     
  0.602665833333333        6.00865833333333      -9.252280385234546E-002
  0.602665833333333        6.30899125000000      -8.454746393438795E-002
  0.602665833333333        6.60932416666667      -7.772090223817653E-002
  0.602665833333333        6.90965708333333      -7.101459772580226E-002
  0.602665833333333        7.20999000000000      -6.383317977714421E-002
  0.902998750000000       2.000000000000000E-003  -1.23404618592495     
  0.902998750000000       0.302332916666667       -1.15278526697771     
  0.902998750000000       0.602665833333333      -0.987043919580962     
  0.902998750000000       0.902998750000000      -0.820721578087930     
  0.902998750000000        1.20333166666667      -0.675361568321373     
  0.902998750000000        1.50366458333333      -0.554529242128380     
  0.902998750000000        1.80399750000000      -0.458306519454706     
  0.902998750000000        2.10433041666667      -0.384364174331547     
  0.902998750000000        2.40466333333333      -0.327901781633676     
  0.902998750000000        2.70499625000000      -0.284865261064232     
  0.902998750000000        3.00532916666667      -0.252292488959667     
  0.902998750000000        3.30566208333333      -0.225974915852042     
  0.902998750000000        3.60599500000000      -0.202029540570471     
  0.902998750000000        3.90632791666667      -0.179621635307670     
  0.902998750000000        4.20666083333333      -0.160175733847706     
  0.902998750000000        4.50699375000000      -0.144350122971957     
  0.902998750000000        4.80732666666667      -0.131273377438395     
  0.902998750000000        5.10765958333333      -0.120064887294915     
  0.902998750000000        5.40799250000000      -0.110109734245058     
  0.902998750000000        5.70832541666667      -0.100985069080730     
  0.902998750000000        6.00865833333333      -9.261620227732112E-002
  0.902998750000000        6.30899125000000      -8.507373977792425E-002
  0.902998750000000        6.60932416666667      -7.820795033066633E-002
  0.902998750000000        6.90965708333333      -7.146671589524692E-002
  0.902998750000000        7.20999000000000      -6.521365411301767E-002
   1.20333166666667       2.000000000000000E-003 -0.920692906967486     
   1.20333166666667       0.302332916666667      -0.879638746652950     
   1.20333166666667       0.602665833333333      -0.783888559164603     
   1.20333166666667       0.902998750000000      -0.675361736646261     
   1.20333166666667        1.20333166666667      -0.574291804446798     
   1.20333166666667        1.50366458333333      -0.486561055760272     
   1.20333166666667        1.80399750000000      -0.413617814590710     
   1.20333166666667        2.10433041666667      -0.354760865649624     
   1.20333166666667        2.40466333333333      -0.307822492570282     
   1.20333166666667        2.70499625000000      -0.270780375327695     
   1.20333166666667        3.00532916666667      -0.241277953645042     
   1.20333166666667        3.30566208333333      -0.216722759364938     
   1.20333166666667        3.60599500000000      -0.194769837394354     
   1.20333166666667        3.90632791666667      -0.174706880556295     
   1.20333166666667        4.20666083333333      -0.157059170062248     
   1.20333166666667        4.50699375000000      -0.142061769970953     
   1.20333166666667        4.80732666666667      -0.129376274923054     
   1.20333166666667        5.10765958333333      -0.118472178616261     
   1.20333166666667        5.40799250000000      -0.108819809959079     
   1.20333166666667        5.70832541666667      -0.100020963192807     
   1.20333166666667        6.00865833333333      -9.196511947990102E-002
   1.20333166666667        6.30899125000000      -8.463475417532833E-002
   1.20333166666667        6.60932416666667      -7.789168270822755E-002
   1.20333166666667        6.90965708333333      -7.156382790038279E-002
   1.20333166666667        7.20999000000000      -6.586620576505380E-002
   1.50366458333333       2.000000000000000E-003 -0.697880021593040     
   1.50366458333333       0.302332916666667      -0.676341973242987     
   1.50366458333333       0.602665833333333      -0.622238765000864     
   1.50366458333333       0.902998750000000      -0.554530210779300     
   1.50366458333333        1.20333166666667      -0.486561529016399     
   1.50366458333333        1.50366458333333      -0.424396612264253     
   1.50366458333333        1.80399750000000      -0.370208916752728     
   1.50366458333333        2.10433041666667      -0.324244688107761     
   1.50366458333333        2.40466333333333      -0.286196040766250     
   1.50366458333333        2.70499625000000      -0.254986459121600     
   1.50366458333333        3.00532916666667      -0.229042832158867     
   1.50366458333333        3.30566208333333      -0.206730138208468     
   1.50366458333333        3.60599500000000      -0.186814696533597     
   1.50366458333333        3.90632791666667      -0.168809092064255     
   1.50366458333333        4.20666083333333      -0.152788860587837     
   1.50366458333333        4.50699375000000      -0.138850907124436     
   1.50366458333333        4.80732666666667      -0.126833234027614     
   1.50366458333333        5.10765958333333      -0.116366297820950     
   1.50366458333333        5.40799250000000      -0.107038208630942     
   1.50366458333333        5.70832541666667      -9.853752096766348E-002
   1.50366458333333        6.00865833333333      -9.072623063166044E-002
   1.50366458333333        6.30899125000000      -8.359422550280027E-002
   1.50366458333333        6.60932416666667      -7.707875801001203E-002
   1.50366458333333        6.90965708333333      -7.110984838838759E-002
   1.50366458333333        7.20999000000000      -6.573014047557492E-002
   1.80399750000000       2.000000000000000E-003 -0.542290601085726     
   1.80399750000000       0.302332916666667      -0.530622623765529     
   1.80399750000000       0.602665833333333      -0.499814330227963     
   1.80399750000000       0.902998750000000      -0.458308150620979     
   1.80399750000000        1.20333166666667      -0.413618650075939     
   1.80399750000000        1.50366458333333      -0.370209171626032     
   1.80399750000000        1.80399750000000      -0.330252620227628     
   1.80399750000000        2.10433041666667      -0.294998094069996     
   1.80399750000000        2.40466333333333      -0.264686571387868     
   1.80399750000000        2.70499625000000      -0.238790599643428     
   1.80399750000000        3.00532916666667      -0.216387959635096     
   1.80399750000000        3.30566208333333      -0.196547265104533     
   1.80399750000000        3.60599500000000      -0.178627152971189     
   1.80399750000000        3.90632791666667      -0.162384614498273     
   1.80399750000000        4.20666083333333      -0.147837586609918     
   1.80399750000000        4.50699375000000      -0.135006290562249     
   1.80399750000000        4.80732666666667      -0.123751823933814     
   1.80399750000000        5.10765958333333      -0.113791801538118     
   1.80399750000000        5.40799250000000      -0.104818092801627     
   1.80399750000000        5.70832541666667      -9.660633093918246E-002
   1.80399750000000        6.00865833333333      -8.904825334923902E-002
   1.80399750000000        6.30899125000000      -8.212554098949940E-002
   1.80399750000000        6.60932416666667      -7.583164844729287E-002
   1.80399750000000        6.90965708333333      -7.012666287450751E-002
   1.80399750000000        7.20999000000000      -6.498811798800831E-002
   2.10433041666667       2.000000000000000E-003 -0.434013192163776     
   2.10433041666667       0.302332916666667      -0.427633131580636     
   2.10433041666667       0.602665833333333      -0.409866428015402     
   2.10433041666667       0.902998750000000      -0.384366001801353     
   2.10433041666667        1.20333166666667      -0.354761751841150     
   2.10433041666667        1.50366458333333      -0.324244976161664     
   2.10433041666667        1.80399750000000      -0.294998129520107     
   2.10433041666667        2.10433041666667      -0.268200943414249     
   2.10433041666667        2.40466333333333      -0.244213869513117     
   2.10433041666667        2.70499625000000      -0.222842367666209     
   2.10433041666667        3.00532916666667      -0.203638400896391     
   2.10433041666667        3.30566208333333      -0.186167886999172     
   2.10433041666667        3.60599500000000      -0.170171569347202     
   2.10433041666667        3.90632791666667      -0.155582941508059     
   2.10433041666667        4.20666083333333      -0.142426544832255     
   2.10433041666667        4.50699375000000      -0.130682058023282     
   2.10433041666667        4.80732666666667      -0.120213621688746     
   2.10433041666667        5.10765958333333      -0.110800220979511     
   2.10433041666667        5.40799250000000      -0.102221904906253     
   2.10433041666667        5.70832541666667      -9.432925356032250E-002
   2.10433041666667        6.00865833333333      -8.705310965037806E-002
   2.10433041666667        6.30899125000000      -8.036753660464370E-002
   2.10433041666667        6.60932416666667      -7.426024386524216E-002
   2.10433041666667        6.90965708333333      -6.875287528570752E-002
   2.10433041666667        7.20999000000000      -6.383835647406735E-002
   2.40466333333333       2.000000000000000E-003 -0.357513642871460     
   2.40466333333333       0.302332916666667      -0.354160121222857     
   2.40466333333333       0.602665833333333      -0.344089610941258     
   2.40466333333333       0.902998750000000      -0.327903485567310     
   2.40466333333333        1.20333166666667      -0.307823297199674     
   2.40466333333333        1.50366458333333      -0.286196296074454     
   2.40466333333333        1.80399750000000      -0.264686602971674     
   2.40466333333333        2.10433041666667      -0.244213871877789     
   2.40466333333333        2.40466333333333      -0.225125527277559     
   2.40466333333333        2.70499625000000      -0.207423634357815     
   2.40466333333333        3.00532916666667      -0.190979483054208     
   2.40466333333333        3.30566208333333      -0.175686052591098     
   2.40466333333333        3.60599500000000      -0.161517051755780     
   2.40466333333333        3.90632791666667      -0.148503945807673     
   2.40466333333333        4.20666083333333      -0.136670431112819     
   2.40466333333333        4.50699375000000      -0.125972801663529     
   2.40466333333333        4.80732666666667      -0.116287525071609     
   2.40466333333333        5.10765958333333      -0.107451410353253     
   2.40466333333333        5.40799250000000      -9.932044809326633E-002
   2.40466333333333        5.70832541666667      -9.180370870382784E-002
   2.40466333333333        6.00865833333333      -8.485231071687972E-002
   2.40466333333333        6.30899125000000      -7.842409414870609E-002
   2.40466333333333        6.60932416666667      -7.248323105079761E-002
   2.40466333333333        6.90965708333333      -6.709085932832855E-002
   2.40466333333333        7.20999000000000      -6.243360643083037E-002
   2.70499625000000       2.000000000000000E-003 -0.303327426133701     
   2.70499625000000       0.302332916666667      -0.301509305901058     
   2.70499625000000       0.602665833333333      -0.295413881802181     
   2.70499625000000       0.902998750000000      -0.284866741356759     
   2.70499625000000        1.20333166666667      -0.270781101677816     
   2.70499625000000        1.50366458333333      -0.254986771080059     
   2.70499625000000        1.80399750000000      -0.238790753256620     
   2.70499625000000        2.10433041666667      -0.222842496234808     
   2.70499625000000        2.40466333333333      -0.207423740570216     
   2.70499625000000        2.70499625000000      -0.192640977369717     
   2.70499625000000        3.00532916666667      -0.178555234790274     
   2.70499625000000        3.30566208333333      -0.165242380688714     
   2.70499625000000        3.60599500000000      -0.152790248800813     
   2.70499625000000        3.90632791666667      -0.141263517531445     
   2.70499625000000        4.20666083333333      -0.130673017792801     
   2.70499625000000        4.50699375000000      -0.120966738456960     
   2.70499625000000        4.80732666666667      -0.112048600269425     
   2.70499625000000        5.10765958333333      -0.103815117936279     
   2.70499625000000        5.40799250000000      -9.618730154923633E-002
   2.70499625000000        5.70832541666667      -8.911654696386626E-002
   2.70499625000000        6.00865833333333      -8.255406043119422E-002
   2.70499625000000        6.30899125000000      -7.639015109006608E-002
   2.70499625000000        6.60932416666667      -7.056052794519760E-002
   2.70499625000000        6.90965708333333      -6.532998435003950E-002
   2.70499625000000        7.20999000000000      -6.101634310923920E-002
   3.00532916666667       2.000000000000000E-003 -0.265107070375004     
   3.00532916666667       0.302332916666667      -0.264435657870488     
   3.00532916666667       0.602665833333333      -0.260430317919906     
   3.00532916666667       0.902998750000000      -0.252293616169054     
   3.00532916666667        1.20333166666667      -0.241278670042457     
   3.00532916666667        1.50366458333333      -0.229043384947915     
   3.00532916666667        1.80399750000000      -0.216388448205278     
   3.00532916666667        2.10433041666667      -0.203638851146743     
   3.00532916666667        2.40466333333333      -0.190979849494342     
   3.00532916666667        2.70499625000000      -0.178555444114592     
   3.00532916666667        3.00532916666667      -0.166513661821720     
   3.00532916666667        3.30566208333333      -0.155003171975045     
   3.00532916666667        3.60599500000000      -0.144141717681095     
   3.00532916666667        3.90632791666667      -0.133988147208029     
   3.00532916666667        4.20666083333333      -0.124540209572869     
   3.00532916666667        4.50699375000000      -0.115754739462230     
   3.00532916666667        4.80732666666667      -0.107576154532668     
   3.00532916666667        5.10765958333333      -9.995964998765700E-002
   3.00532916666667        5.40799250000000      -9.288048865658675E-002
   3.00532916666667        5.70832541666667      -8.632454048875859E-002
   3.00532916666667        6.00865833333333      -8.024944020254549E-002
   3.00532916666667        6.30899125000000      -7.451249914094771E-002
   3.00532916666667        6.60932416666667      -6.900813753281491E-002
   3.00532916666667        6.90965708333333      -6.391237743650591E-002
   3.00532916666667        7.20999000000000      -5.991194704338246E-002
   3.30566208333333       2.000000000000000E-003 -0.235161860837360     
   3.30566208333333       0.302332916666667      -0.235709470342680     
   3.30566208333333       0.602665833333333      -0.232935305923391     
   3.30566208333333       0.902998750000000      -0.225975669279106     
   3.30566208333333        1.20333166666667      -0.216723586617659     
   3.30566208333333        1.50366458333333      -0.206731130874036     
   3.30566208333333        1.80399750000000      -0.196548283959436     
   3.30566208333333        2.10433041666667      -0.186168824772261     
   3.30566208333333        2.40466333333333      -0.175686801713796     
   3.30566208333333        2.70499625000000      -0.165242868805317     
   3.30566208333333        3.00532916666667      -0.155003391829731     
   3.30566208333333        3.30566208333333      -0.145122004436236     
   3.30566208333333        3.60599500000000      -0.135702058247518     
   3.30566208333333        3.90632791666667      -0.126783347535795     
   3.30566208333333        4.20666083333333      -0.118361139722821     
   3.30566208333333        4.50699375000000      -0.110416460410305     
   3.30566208333333        4.80732666666667      -0.102939368403711     
   3.30566208333333        5.10765958333333      -9.593602803907572E-002
   3.30566208333333        5.40799250000000      -8.942352821071702E-002
   3.30566208333333        5.70832541666667      -8.342213731047668E-002
   3.30566208333333        6.00865833333333      -7.794506115577549E-002
   3.30566208333333        6.30899125000000      -7.289173954931547E-002
   3.30566208333333        6.60932416666667      -6.799888116752839E-002
   3.30566208333333        6.90965708333333      -6.315327230903413E-002
   3.30566208333333        7.20999000000000      -5.930812575778856E-002
   3.60599500000000       2.000000000000000E-003 -0.212141779024800     
   3.60599500000000       0.302332916666667      -0.209735015483701     
   3.60599500000000       0.602665833333333      -0.207390355072198     
   3.60599500000000       0.902998750000000      -0.202030266688100     
   3.60599500000000        1.20333166666667      -0.194771032878033     
   3.60599500000000        1.50366458333333      -0.186816265140695     
   3.60599500000000        1.80399750000000      -0.178628786209277     
   3.60599500000000        2.10433041666667      -0.170173052586705     
   3.60599500000000        2.40466333333333      -0.161518222406243     
   3.60599500000000        2.70499625000000      -0.152791030750350     
   3.60599500000000        3.00532916666667      -0.144142137841397     
   3.60599500000000        3.30566208333333      -0.135702214762636     
   3.60599500000000        3.60599500000000      -0.127549660886319     
   3.60599500000000        3.90632791666667      -0.119711729752449     
   3.60599500000000        4.20666083333333      -0.112194373147326     
   3.60599500000000        4.50699375000000      -0.105010166321528     
   3.60599500000000        4.80732666666667      -9.818951232788752E-002
   3.60599500000000        5.10765958333333      -9.177425514513481E-002
   3.60599500000000        5.40799250000000      -8.580641002174975E-002
   3.60599500000000        5.70832541666667      -8.033195964117591E-002
   3.60599500000000        6.00865833333333      -7.543658585468727E-002
   3.60599500000000        6.30899125000000      -7.108513414823231E-002
   3.60599500000000        6.60932416666667      -6.698908355346365E-002
   3.60599500000000        6.90965708333333      -6.275824615887397E-002
   3.60599500000000        7.20999000000000      -5.904049234649513E-002
   3.90632791666667       2.000000000000000E-003 -0.183569404253598     
   3.90632791666667       0.302332916666667      -0.183389816113587     
   3.90632791666667       0.602665833333333      -0.182663603803435     
   3.90632791666667       0.902998750000000      -0.179622849688624     
   3.90632791666667        1.20333166666667      -0.174708657034006     
   3.90632791666667        1.50366458333333      -0.168811218021801     
   3.90632791666667        1.80399750000000      -0.162386780659842     
   3.90632791666667        2.10433041666667      -0.155584887979335     
   3.90632791666667        2.40466333333333      -0.148505478138813     
   3.90632791666667        2.70499625000000      -0.141264555661860     
   3.90632791666667        3.00532916666667      -0.133988737284812     
   3.90632791666667        3.30566208333333      -0.126783618278900     
   3.90632791666667        3.60599500000000      -0.119711819288497     
   3.90632791666667        3.90632791666667      -0.112801879453580     
   3.90632791666667        4.20666083333333      -0.106078080510444     
   3.90632791666667        4.50699375000000      -9.958125569229181E-002
   3.90632791666667        4.80732666666667      -9.336839023686509E-002
   3.90632791666667        5.10765958333333      -8.749766409625642E-002
   3.90632791666667        5.40799250000000      -8.201630946064779E-002
   3.90632791666667        5.70832541666667      -7.697113318984500E-002
   3.90632791666667        6.00865833333333      -7.245639611761376E-002
   3.90632791666667        6.30899125000000      -6.847829405162684E-002
   3.90632791666667        6.60932416666667      -6.470039142785233E-002
   3.90632791666667        6.90965708333333      -6.047146197950495E-002
   3.90632791666667        7.20999000000000      -5.557648066907483E-002
   4.20666083333333       2.000000000000000E-003 -0.161513205287244     
   4.20666083333333       0.302332916666667      -0.161745191210659     
   4.20666083333333       0.602665833333333      -0.161736640312596     
   4.20666083333333       0.902998750000000      -0.160177558881940     
   4.20666083333333        1.20333166666667      -0.157061394477443     
   4.20666083333333        1.50366458333333      -0.152791321496036     
   4.20666083333333        1.80399750000000      -0.147840049988869     
   4.20666083333333        2.10433041666667      -0.142428753331334     
   4.20666083333333        2.40466333333333      -0.136672182958056     
   4.20666083333333        2.70499625000000      -0.130674230812055     
   4.20666083333333        3.00532916666667      -0.124540932915023     
   4.20666083333333        3.30566208333333      -0.118361507539672     
   4.20666083333333        3.60599500000000      -0.112194531961209     
   4.20666083333333        3.90632791666667      -0.106078134747123     
   4.20666083333333        4.20666083333333      -0.100053965241139     
   4.20666083333333        4.50699375000000      -9.418020854349142E-002
   4.20666083333333        4.80732666666667      -8.852377806641844E-002
   4.20666083333333        5.10765958333333      -8.314231575105059E-002
   4.20666083333333        5.40799250000000      -7.807407833709018E-002
   4.20666083333333        5.70832541666667      -7.334779281673991E-002
   4.20666083333333        6.00865833333333      -6.900646077921667E-002
   4.20666083333333        6.30899125000000      -6.505694100362271E-002
   4.20666083333333        6.60932416666667      -6.117885780743491E-002
   4.20666083333333        6.90965708333333      -5.691769981664382E-002
   4.20666083333333        7.20999000000000      -5.236943321295013E-002
   4.50699375000000       2.000000000000000E-003 -0.145837265079446     
   4.50699375000000       0.302332916666667      -0.145801317761783     
   4.50699375000000       0.602665833333333      -0.145510138033424     
   4.50699375000000       0.902998750000000      -0.144352150143082     
   4.50699375000000        1.20333166666667      -0.142064046080965     
   4.50699375000000        1.50366458333333      -0.138853365964691     
   4.50699375000000        1.80399750000000      -0.135008745224795     
   4.50699375000000        2.10433041666667      -0.130684274619204     
   4.50699375000000        2.40466333333333      -0.125974589198096     
   4.50699375000000        2.70499625000000      -0.120968015049769     
   4.50699375000000        3.00532916666667      -0.115755543759324     
   4.50699375000000        3.30566208333333      -0.110416908954998     
   4.50699375000000        3.60599500000000      -0.105010390492881     
   4.50699375000000        3.90632791666667      -9.958135574624997E-002
   4.50699375000000        4.20666083333333      -9.418024212223158E-002
   4.50699375000000        4.50699375000000      -8.886969397069328E-002
   4.50699375000000        4.80732666666667      -8.371379756605418E-002
   4.50699375000000        5.10765958333333      -7.876132230200082E-002
   4.50699375000000        5.40799250000000      -7.403894261811080E-002
   4.50699375000000        5.70832541666667      -6.955980550569926E-002
   4.50699375000000        6.00865833333333      -6.533280177319149E-002
   4.50699375000000        6.30899125000000      -6.133777700150801E-002
   4.50699375000000        6.60932416666667      -5.742175325549829E-002
   4.50699375000000        6.90965708333333      -5.339687308169726E-002
   4.50699375000000        7.20999000000000      -4.942429630676301E-002
   4.80732666666667       2.000000000000000E-003 -0.133186721613272     
   4.80732666666667       0.302332916666667      -0.133006776987983     
   4.80732666666667       0.602665833333333      -0.132451975472804     
   4.80732666666667       0.902998750000000      -0.131275140924293     
   4.80732666666667        1.20333166666667      -0.129378272878764     
   4.80732666666667        1.50366458333333      -0.126835404266024     
   4.80732666666667        1.80399750000000      -0.123754009194489     
   4.80732666666667        2.10433041666667      -0.120215622076406     
   4.80732666666667        2.40466333333333      -0.116289173464123     
   4.80732666666667        2.70499625000000      -0.112049819017831     
   4.80732666666667        3.00532916666667      -0.107576965018133     
   4.80732666666667        3.30566208333333      -0.102939856221562     
   4.80732666666667        3.60599500000000      -9.818977841419473E-002
   4.80732666666667        3.90632791666667      -9.336851702515697E-002
   4.80732666666667        4.20666083333333      -8.852382138364365E-002
   4.80732666666667        4.50699375000000      -8.371379866938243E-002
   4.80732666666667        4.80732666666667      -7.899570888424388E-002
   4.80732666666667        5.10765958333333      -7.441114817143069E-002
   4.80732666666667        5.40799250000000      -6.998169629840931E-002
   4.80732666666667        5.70832541666667      -6.571713835620348E-002
   4.80732666666667        6.00865833333333      -6.162349562705139E-002
   4.80732666666667        6.30899125000000      -5.769446336717482E-002
   4.80732666666667        6.60932416666667      -5.389105118955471E-002
   4.80732666666667        6.90965708333333      -5.017653022080493E-002
   4.80732666666667        7.20999000000000      -4.666837849464252E-002
   5.10765958333333       2.000000000000000E-003 -0.121906321163795     
   5.10765958333333       0.302332916666667      -0.121713549599819     
   5.10765958333333       0.602665833333333      -0.121129480437576     
   5.10765958333333       0.902998750000000      -0.120066267043258     
   5.10765958333333        1.20333166666667      -0.118473782518993     
   5.10765958333333        1.50366458333333      -0.116368057402363     
   5.10765958333333        1.80399750000000      -0.113793586604294     
   5.10765958333333        2.10433041666667      -0.110801873867230     
   5.10765958333333        2.40466333333333      -0.107452798641272     
   5.10765958333333        2.70499625000000      -0.103816175176502     
   5.10765958333333        3.00532916666667      -9.996038185060550E-002
   5.10765958333333        3.30566208333333      -9.593648729278115E-002
   5.10765958333333        3.60599500000000      -9.177450864945114E-002
   5.10765958333333        3.90632791666667      -8.749777178760304E-002
   5.10765958333333        4.20666083333333      -8.314232691571739E-002
   5.10765958333333        4.50699375000000      -7.876128282005437E-002
   5.10765958333333        4.80732666666667      -7.441110586173288E-002
   5.10765958333333        5.10765958333333      -7.013495796068610E-002
   5.10765958333333        5.40799250000000      -6.595743862848637E-002
   5.10765958333333        5.70832541666667      -6.189209648365385E-002
   5.10765958333333        6.00865833333333      -5.795130052913072E-002
   5.10765958333333        6.30899125000000      -5.414952964289282E-002
   5.10765958333333        6.60932416666667      -5.050652873978038E-002
   5.10765958333333        6.90965708333333      -4.707411815125581E-002
   5.10765958333333        7.20999000000000      -4.391362045586754E-002
   5.40799250000000       2.000000000000000E-003 -0.111416771106194     
   5.40799250000000       0.302332916666667      -0.111305857338999     
   5.40799250000000       0.602665833333333      -0.110914144286068     
   5.40799250000000       0.902998750000000      -0.110110806879068     
   5.40799250000000        1.20333166666667      -0.108821112981913     
   5.40799250000000        1.50366458333333      -0.107039617348884     
   5.40799250000000        1.80399750000000      -0.104819495480728     
   5.40799250000000        2.10433041666667      -0.102223195063101     
   5.40799250000000        2.40466333333333      -9.932153759122354E-002
   5.40799250000000        2.70499625000000      -9.618814292502870E-002
   5.40799250000000        3.00532916666667      -9.288107723967523E-002
   5.40799250000000        3.30566208333333      -8.942388845947843E-002
   5.40799250000000        3.60599500000000      -8.580658114404491E-002
   5.40799250000000        3.90632791666667      -8.201633614575929E-002
   5.40799250000000        4.20666083333333      -7.807400645263576E-002
   5.40799250000000        4.50699375000000      -7.403882064816790E-002
   5.40799250000000        4.80732666666667      -6.998157551919762E-002
   5.40799250000000        5.10765958333333      -6.595736440442748E-002
   5.40799250000000        5.40799250000000      -6.199714255176300E-002
   5.40799250000000        5.70832541666667      -5.811552670768683E-002
   5.40799250000000        6.00865833333333      -5.432277589768868E-002
   5.40799250000000        6.30899125000000      -5.064308004200663E-002
   5.40799250000000        6.60932416666667      -4.713883587687830E-002
   5.40799250000000        6.90965708333333      -4.388763869145376E-002
   5.40799250000000        7.20999000000000      -4.096241017363238E-002
   5.70832541666667       2.000000000000000E-003 -0.101322271902657     
   5.70832541666667       0.302332916666667      -0.101395505128031     
   5.70832541666667       0.602665833333333      -0.101397936250580     
   5.70832541666667       0.902998750000000      -0.100985984070917     
   5.70832541666667        1.20333166666667      -0.100022048992196     
   5.70832541666667        1.50366458333333      -9.853872572711136E-002
   5.70832541666667        1.80399750000000      -9.660747314902521E-002
   5.70832541666667        2.10433041666667      -9.433026284394321E-002
   5.70832541666667        2.40466333333333      -9.180454922719904E-002
   5.70832541666667        2.70499625000000      -8.911719269216364E-002
   5.70832541666667        3.00532916666667      -8.632497432980402E-002
   5.70832541666667        3.30566208333333      -8.342235407848324E-002
   5.70832541666667        3.60599500000000      -8.033198421019357E-002
   5.70832541666667        3.90632791666667      -7.697102101408951E-002
   5.70832541666667        4.20666083333333      -7.334759996409394E-002
   5.70832541666667        4.50699375000000      -6.955957820095476E-002
   5.70832541666667        4.80732666666667      -6.571692331871809E-002
   5.70832541666667        5.10765958333333      -6.189193642614613E-002
   5.70832541666667        5.40799250000000      -5.811544588772329E-002
   5.70832541666667        5.70832541666667      -5.438953577302092E-002
   5.70832541666667        6.00865833333333      -5.069546276064611E-002
   5.70832541666667        6.30899125000000      -4.706240391192400E-002
   5.70832541666667        6.60932416666667      -4.357848688056828E-002
   5.70832541666667        6.90965708333333      -4.038075072770624E-002
   5.70832541666667        7.20999000000000      -3.760816549695358E-002
   6.00865833333333       2.000000000000000E-003 -9.139258114042374E-002
   6.00865833333333       0.302332916666667      -9.183599568153665E-002
   6.00865833333333       0.602665833333333      -9.252389697574877E-002
   6.00865833333333       0.902998750000000      -9.261717067818950E-002
   6.00865833333333        1.20333166666667      -9.196609908005116E-002
   6.00865833333333        1.50366458333333      -9.072727033004320E-002
   6.00865833333333        1.80399750000000      -8.904926616857360E-002
   6.00865833333333        2.10433041666667      -8.705397025343441E-002
   6.00865833333333        2.40466333333333      -8.485302743327812E-002
   6.00865833333333        2.70499625000000      -8.255462142019240E-002
   6.00865833333333        3.00532916666667      -8.024979195201758E-002
   6.00865833333333        3.30566208333333      -7.794512934583335E-002
   6.00865833333333        3.60599500000000      -7.543640021273161E-002
   6.00865833333333        3.90632791666667      -7.245609720475876E-002
   6.00865833333333        4.20666083333333      -6.900614992507066E-002
   6.00865833333333        4.50699375000000      -6.533248991736926E-002
   6.00865833333333        4.80732666666667      -6.162320166408408E-002
   6.00865833333333        5.10765958333333      -5.795106219374007E-002
   6.00865833333333        5.40799250000000      -5.432261835966370E-002
   6.00865833333333        5.70832541666667      -5.069537991984351E-002
   6.00865833333333        6.00865833333333      -4.700867911887538E-002
   6.00865833333333        6.30899125000000      -4.326730678835779E-002
   6.00865833333333        6.60932416666667      -3.958315210387379E-002
   6.00865833333333        6.90965708333333      -3.620931359322405E-002
   6.00865833333333        7.20999000000000      -3.347896008875679E-002
   6.30899125000000       2.000000000000000E-003 -8.162363222579937E-002
   6.30899125000000       0.302332916666667      -8.284805904538167E-002
   6.30899125000000       0.602665833333333      -8.454907541987712E-002
   6.30899125000000       0.902998750000000      -8.507485849869145E-002
   6.30899125000000        1.20333166666667      -8.463568986700605E-002
   6.30899125000000        1.50366458333333      -8.359514674219139E-002
   6.30899125000000        1.80399750000000      -8.212645862583565E-002
   6.30899125000000        2.10433041666667      -8.036837929083052E-002
   6.30899125000000        2.40466333333333      -7.842486392115441E-002
   6.30899125000000        2.70499625000000      -7.639084812704129E-002
   6.30899125000000        3.00532916666667      -7.451298624101045E-002
   6.30899125000000        3.30566208333333      -7.289183216151653E-002
   6.30899125000000        3.60599500000000      -7.108489970596908E-002
   6.30899125000000        3.90632791666667      -6.847799000156771E-002
   6.30899125000000        4.20666083333333      -6.505668315168092E-002
   6.30899125000000        4.50699375000000      -6.133748534422132E-002
   6.30899125000000        4.80732666666667      -5.769414381721581E-002
   6.30899125000000        5.10765958333333      -5.414923194077569E-002
   6.30899125000000        5.40799250000000      -5.064283290044738E-002
   6.30899125000000        5.70832541666667      -4.706220942183044E-002
   6.30899125000000        6.00865833333333      -4.326718426676902E-002
   6.30899125000000        6.30899125000000      -3.919537616499001E-002
   6.30899125000000        6.60932416666667      -3.495836949611079E-002
   6.30899125000000        6.90965708333333      -3.100085090381259E-002
   6.30899125000000        7.20999000000000      -2.810513467189029E-002
   6.60932416666667       2.000000000000000E-003 -7.252693065712446E-002
   6.60932416666667       0.302332916666667      -7.525286592975232E-002
   6.60932416666667       0.602665833333333      -7.772277282372214E-002
   6.60932416666667       0.902998750000000      -7.820897626342951E-002
   6.60932416666667        1.20333166666667      -7.789247872149464E-002
   6.60932416666667        1.50366458333333      -7.707957250522318E-002
   6.60932416666667        1.80399750000000      -7.583252368607327E-002
   6.60932416666667        2.10433041666667      -7.426116696978727E-002
   6.60932416666667        2.40466333333333      -7.248424699600166E-002
   6.60932416666667        2.70499625000000      -7.056164243782184E-002
   6.60932416666667        3.00532916666667      -6.900904150024820E-002
   6.60932416666667        3.30566208333333      -6.799924578860753E-002
   6.60932416666667        3.60599500000000      -6.698898344171274E-002
   6.60932416666667        3.90632791666667      -6.470025952571253E-002
   6.60932416666667        4.20666083333333      -6.117885919160889E-002
   6.60932416666667        4.50699375000000      -5.742169967786092E-002
   6.60932416666667        4.80732666666667      -5.389078622282840E-002
   6.60932416666667        5.10765958333333      -5.050619019689359E-002
   6.60932416666667        5.40799250000000      -4.713847950514791E-002
   6.60932416666667        5.70832541666667      -4.357814322482662E-002
   6.60932416666667        6.00865833333333      -3.958285170630492E-002
   6.60932416666667        6.30899125000000      -3.495816433586437E-002
   6.60932416666667        6.60932416666667      -2.978579528330268E-002
   6.60932416666667        6.90965708333333      -2.480784106534444E-002
   6.60932416666667        7.20999000000000      -2.152008830406633E-002
   6.90965708333333       2.000000000000000E-003 -6.608521267651744E-002
   6.90965708333333       0.302332916666667      -6.967718787833749E-002
   6.90965708333333       0.602665833333333      -7.101554001256297E-002
   6.90965708333333       0.902998750000000      -7.146711434597051E-002
   6.90965708333333        1.20333166666667      -7.156432318159171E-002
   6.90965708333333        1.50366458333333      -7.111056219955179E-002
   6.90965708333333        1.80399750000000      -7.012756877426761E-002
   6.90965708333333        2.10433041666667      -6.875396410930597E-002
   6.90965708333333        2.40466333333333      -6.709225811981369E-002
   6.90965708333333        2.70499625000000      -6.533160982349095E-002
   6.90965708333333        3.00532916666667      -6.391384681130231E-002
   6.90965708333333        3.30566208333333      -6.315407082010711E-002
   6.90965708333333        3.60599500000000      -6.275838506536557E-002
   6.90965708333333        3.90632791666667      -6.047159432726579E-002
   6.90965708333333        4.20666083333333      -5.691784871724786E-002
   6.90965708333333        4.50699375000000      -5.339697044736033E-002
   6.90965708333333        4.80732666666667      -5.017635893213973E-002
   6.90965708333333        5.10765958333333      -4.707375107238983E-002
   6.90965708333333        5.40799250000000      -4.388717954776879E-002
   6.90965708333333        5.70832541666667      -4.038025813457242E-002
   6.90965708333333        6.00865833333333      -3.620882724183271E-002
   6.90965708333333        6.30899125000000      -3.100040801915526E-002
   6.90965708333333        6.60932416666667      -2.480751384452443E-002
   6.90965708333333        6.90965708333333      -1.931391352953805E-002
   6.90965708333333        7.20999000000000      -1.643178165213883E-002
   7.20999000000000       2.000000000000000E-003 -6.293632493157968E-002
   7.20999000000000       0.302332916666667      -6.286347165524764E-002
   7.20999000000000       0.602665833333333      -6.383271107131969E-002
   7.20999000000000       0.902998750000000      -6.521347169295735E-002
   7.20999000000000        1.20333166666667      -6.586651439475101E-002
   7.20999000000000        1.50366458333333      -6.573086271076276E-002
   7.20999000000000        1.80399750000000      -6.498915247800843E-002
   7.20999000000000        2.10433041666667      -6.383967756498361E-002
   7.20999000000000        2.40466333333333      -6.243537654102814E-002
   7.20999000000000        2.70499625000000      -6.101841848740586E-002
   7.20999000000000        3.00532916666667      -5.991406043392651E-002
   7.20999000000000        3.30566208333333      -5.930966965148934E-002
   7.20999000000000        3.60599500000000      -5.904099892226067E-002
   7.20999000000000        3.90632791666667      -5.557685331541163E-002
   7.20999000000000        4.20666083333333      -5.236952178816429E-002
   7.20999000000000        4.50699375000000      -4.942429237905455E-002
   7.20999000000000        4.80732666666667      -4.666822321992205E-002
   7.20999000000000        5.10765958333333      -4.391324881888951E-002
   7.20999000000000        5.40799250000000      -4.096190764625201E-002
   7.20999000000000        5.70832541666667      -3.760760145099146E-002
   7.20999000000000        6.00865833333333      -3.347839297714109E-002
   7.20999000000000        6.30899125000000      -2.810461036431222E-002
   7.20999000000000        6.60932416666667      -2.151964270345104E-002
   7.20999000000000        6.90965708333333      -1.643142551392191E-002
   7.20999000000000        7.20999000000000      -1.392789959151640E-002
