  2.000000000000000E-003  2.000000000000000E-003 -0.212141779024800     
  2.000000000000000E-003  0.302332916666667      -0.207235773116766     
  2.000000000000000E-003  0.602665833333333      -0.195468066573092     
  2.000000000000000E-003  0.902998750000000      -0.185833598115382     
  2.000000000000000E-003   1.20333166666667      -0.176518401807376     
  2.000000000000000E-003   1.50366458333333      -0.167368980728542     
  2.000000000000000E-003   1.80399750000000      -0.158578509432768     
  2.000000000000000E-003   2.10433041666667      -0.150265559666350     
  2.000000000000000E-003   2.40466333333333      -0.142445887152771     
  2.000000000000000E-003   2.70499625000000      -0.135176835761741     
  2.000000000000000E-003   3.00532916666667      -0.128719303717662     
  2.000000000000000E-003   3.30566208333333      -0.123184156541567     
  2.000000000000000E-003   3.60599500000000      -0.117804569586127     
  2.000000000000000E-003   3.90632791666667      -0.110479967930073     
  2.000000000000000E-003   4.20666083333333      -0.103135135312280     
  2.000000000000000E-003   4.50699375000000      -9.527290707573498E-002
  2.000000000000000E-003   4.80732666666667      -8.805132111173056E-002
  2.000000000000000E-003   5.10765958333333      -8.188621852108743E-002
  2.000000000000000E-003   5.40799250000000      -7.684762241521870E-002
  2.000000000000000E-003   5.70832541666667      -7.276270487071795E-002
  2.000000000000000E-003   6.00865833333333      -6.945735904533518E-002
  2.000000000000000E-003   6.30899125000000      -6.675426990378354E-002
  2.000000000000000E-003   6.60932416666667      -6.441008053292553E-002
  2.000000000000000E-003   6.90965708333333      -6.195897451085244E-002
  2.000000000000000E-003   7.20999000000000      -5.899617453297744E-002
  0.302332916666667       2.000000000000000E-003 -0.243213382174783     
  0.302332916666667       0.302332916666667      -0.226061125446045     
  0.302332916666667       0.602665833333333      -0.211501697843826     
  0.302332916666667       0.902998750000000      -0.202837165552946     
  0.302332916666667        1.20333166666667      -0.193487392442895     
  0.302332916666667        1.50366458333333      -0.183526141524516     
  0.302332916666667        1.80399750000000      -0.173574030971906     
  0.302332916666667        2.10433041666667      -0.163887745900536     
  0.302332916666667        2.40466333333333      -0.154592894739931     
  0.302332916666667        2.70499625000000      -0.145851141011650     
  0.302332916666667        3.00532916666667      -0.137734769336706     
  0.302332916666667        3.30566208333333      -0.130231120085498     
  0.302332916666667        3.60599500000000      -0.122684065786310     
  0.302332916666667        3.90632791666667      -0.114541167154505     
  0.302332916666667        4.20666083333333      -0.106764791305381     
  0.302332916666667        4.50699375000000      -9.907842280500852E-002
  0.302332916666667        4.80732666666667      -9.198373399383897E-002
  0.302332916666667        5.10765958333333      -8.571835918311550E-002
  0.302332916666667        5.40799250000000      -8.035090452507293E-002
  0.302332916666667        5.70832541666667      -7.582097089408688E-002
  0.302332916666667        6.00865833333333      -7.193505129850170E-002
  0.302332916666667        6.30899125000000      -6.845571623007655E-002
  0.302332916666667        6.60932416666667      -6.516763430660430E-002
  0.302332916666667        6.90965708333333      -6.269232182260583E-002
  0.302332916666667        7.20999000000000      -6.071527138271979E-002
  0.602665833333333       2.000000000000000E-003 -0.266739895352131     
  0.602665833333333       0.302332916666667      -0.252744774226915     
  0.602665833333333       0.602665833333333      -0.234534994120235     
  0.602665833333333       0.902998750000000      -0.222382201865206     
  0.602665833333333        1.20333166666667      -0.211557763226298     
  0.602665833333333        1.50366458333333      -0.200536220715726     
  0.602665833333333        1.80399750000000      -0.189385419288846     
  0.602665833333333        2.10433041666667      -0.178307327570274     
  0.602665833333333        2.40466333333333      -0.167551021424792     
  0.602665833333333        2.70499625000000      -0.157327913885008     
  0.602665833333333        3.00532916666667      -0.147543154756707     
  0.602665833333333        3.30566208333333      -0.137959641719408     
  0.602665833333333        3.60599500000000      -0.128449470565150     
  0.602665833333333        3.90632791666667      -0.119337051230699     
  0.602665833333333        4.20666083333333      -0.110915259751800     
  0.602665833333333        4.50699375000000      -0.103102560523748     
  0.602665833333333        4.80732666666667      -9.602282356419607E-002
  0.602665833333333        5.10765958333333      -8.955094268262885E-002
  0.602665833333333        5.40799250000000      -8.384084363899016E-002
  0.602665833333333        5.70832541666667      -7.883925507342496E-002
  0.602665833333333        6.00865833333333      -7.441211085696474E-002
  0.602665833333333        6.30899125000000      -7.044375978386277E-002
  0.602665833333333        6.60932416666667      -6.699827484772457E-002
  0.602665833333333        6.90965708333333      -6.435643173388989E-002
  0.602665833333333        7.20999000000000      -6.121197061626761E-002
  0.902998750000000       2.000000000000000E-003 -0.280545064801786     
  0.902998750000000       0.302332916666667      -0.273008394993418     
  0.902998750000000       0.602665833333333      -0.258449632310166     
  0.902998750000000       0.902998750000000      -0.244577438071032     
  0.902998750000000        1.20333166666667      -0.231585598019040     
  0.902998750000000        1.50366458333333      -0.218684901105878     
  0.902998750000000        1.80399750000000      -0.205788965777029     
  0.902998750000000        2.10433041666667      -0.193074485504714     
  0.902998750000000        2.40466333333333      -0.180831176913594     
  0.902998750000000        2.70499625000000      -0.169094842101965     
  0.902998750000000        3.00532916666667      -0.157757520693626     
  0.902998750000000        3.30566208333333      -0.146600997111133     
  0.902998750000000        3.60599500000000      -0.135658444370409     
  0.902998750000000        3.90632791666667      -0.125336047247440     
  0.902998750000000        4.20666083333333      -0.115988727969635     
  0.902998750000000        4.50699375000000      -0.107685443685461     
  0.902998750000000        4.80732666666667      -0.100201966250690     
  0.902998750000000        5.10765958333333      -9.336652209715605E-002
  0.902998750000000        5.40799250000000      -8.723997071933902E-002
  0.902998750000000        5.70832541666667      -8.175009214528745E-002
  0.902998750000000        6.00865833333333      -7.681796709526417E-002
  0.902998750000000        6.30899125000000      -7.242666303493617E-002
  0.902998750000000        6.60932416666667      -6.859769474974342E-002
  0.902998750000000        6.90965708333333      -6.513170235696716E-002
  0.902998750000000        7.20999000000000      -6.127955923222683E-002
   1.20333166666667       2.000000000000000E-003 -0.305057046060438     
   1.20333166666667       0.302332916666667      -0.299975028638218     
   1.20333166666667       0.602665833333333      -0.287600942463841     
   1.20333166666667       0.902998750000000      -0.272212344408000     
   1.20333166666667        1.20333166666667      -0.255869820383707     
   1.20333166666667        1.50366458333333      -0.239393419397310     
   1.20333166666667        1.80399750000000      -0.223377319404876     
   1.20333166666667        2.10433041666667      -0.208210674943633     
   1.20333166666667        2.40466333333333      -0.194041911577672     
   1.20333166666667        2.70499625000000      -0.180677771444390     
   1.20333166666667        3.00532916666667      -0.167787090813189     
   1.20333166666667        3.30566208333333      -0.155214212787587     
   1.20333166666667        3.60599500000000      -0.143030462995130     
   1.20333166666667        3.90632791666667      -0.131615732928110     
   1.20333166666667        4.20666083333333      -0.121383846815174     
   1.20333166666667        4.50699375000000      -0.112387096116356     
   1.20333166666667        4.80732666666667      -0.104358403822845     
   1.20333166666667        5.10765958333333      -9.706662562338822E-002
   1.20333166666667        5.40799250000000      -9.044671616266511E-002
   1.20333166666667        5.70832541666667      -8.442522070748347E-002
   1.20333166666667        6.00865833333333      -7.894645816175677E-002
   1.20333166666667        6.30899125000000      -7.402396275521339E-002
   1.20333166666667        6.60932416666667      -6.961101272918670E-002
   1.20333166666667        6.90965708333333      -6.547548472028945E-002
   1.20333166666667        7.20999000000000      -6.127698498150535E-002
   1.50366458333333       2.000000000000000E-003 -0.352347531428092     
   1.50366458333333       0.302332916666667      -0.346876256230207     
   1.50366458333333       0.602665833333333      -0.332163147169894     
   1.50366458333333       0.902998750000000      -0.311628494234626     
   1.50366458333333        1.20333166666667      -0.288544080220361     
   1.50366458333333        1.50366458333333      -0.265372991292245     
   1.50366458333333        1.80399750000000      -0.243664232920619     
   1.50366458333333        2.10433041666667      -0.224115799207441     
   1.50366458333333        2.40466333333333      -0.207004923623258     
   1.50366458333333        2.70499625000000      -0.191685092107766     
   1.50366458333333        3.00532916666667      -0.177308841233636     
   1.50366458333333        3.30566208333333      -0.163406041115595     
   1.50366458333333        3.60599500000000      -0.150042293953336     
   1.50366458333333        3.90632791666667      -0.137632359429047     
   1.50366458333333        4.20666083333333      -0.126564837783895     
   1.50366458333333        4.50699375000000      -0.116892458466053     
   1.50366458333333        4.80732666666667      -0.108343021354700     
   1.50366458333333        5.10765958333333      -0.100572005665441     
   1.50366458333333        5.40799250000000      -9.339043834759979E-002
   1.50366458333333        5.70832541666667      -8.678627314940238E-002
   1.50366458333333        6.00865833333333      -8.072501029199793E-002
   1.50366458333333        6.30899125000000      -7.523431895151644E-002
   1.50366458333333        6.60932416666667      -7.027311626792056E-002
   1.50366458333333        6.90965708333333      -6.567329703555161E-002
   1.50366458333333        7.20999000000000      -6.125519179340377E-002
   1.80399750000000       2.000000000000000E-003 -0.432879988909105     
   1.80399750000000       0.302332916666667      -0.424503547785602     
   1.80399750000000       0.602665833333333      -0.401901852126418     
   1.80399750000000       0.902998750000000      -0.369975865423355     
   1.80399750000000        1.20333166666667      -0.334444449734149     
   1.80399750000000        1.50366458333333      -0.299561246215847     
   1.80399750000000        1.80399750000000      -0.267928150610683     
   1.80399750000000        2.10433041666667      -0.241380327075298     
   1.80399750000000        2.40466333333333      -0.219810974678561     
   1.80399750000000        2.70499625000000      -0.201855198561273     
   1.80399750000000        3.00532916666667      -0.185904769375407     
   1.80399750000000        3.30566208333333      -0.170891373353213     
   1.80399750000000        3.60599500000000      -0.156564569055998     
   1.80399750000000        3.90632791666667      -0.143258275224816     
   1.80399750000000        4.20666083333333      -0.131394993495979     
   1.80399750000000        4.50699375000000      -0.121079173239454     
   1.80399750000000        4.80732666666667      -0.112025231604856     
   1.80399750000000        5.10765958333333      -0.103791714998536     
   1.80399750000000        5.40799250000000      -9.607785901309686E-002
   1.80399750000000        5.70832541666667      -8.884296097578782E-002
   1.80399750000000        6.00865833333333      -8.218690501526497E-002
   1.80399750000000        6.30899125000000      -7.615039116143446E-002
   1.80399750000000        6.60932416666667      -7.071711857792476E-002
   1.80399750000000        6.90965708333333      -6.576834441412541E-002
   1.80399750000000        7.20999000000000      -6.117612940135596E-002
   2.10433041666667       2.000000000000000E-003 -0.560020055830707     
   2.10433041666667       0.302332916666667      -0.545399181422129     
   2.10433041666667       0.602665833333333      -0.506207476612465     
   2.10433041666667       0.902998750000000      -0.453201257735461     
   2.10433041666667        1.20333166666667      -0.396094814220363     
   2.10433041666667        1.50366458333333      -0.342482779998631     
   2.10433041666667        1.80399750000000      -0.296791839044174     
   2.10433041666667        2.10433041666667      -0.260485941697530     
   2.10433041666667        2.40466333333333      -0.232701050024361     
   2.10433041666667        2.70499625000000      -0.211167492226052     
   2.10433041666667        3.00532916666667      -0.193323296918803     
   2.10433041666667        3.30566208333333      -0.177272691927559     
   2.10433041666667        3.60599500000000      -0.162209982486128     
   2.10433041666667        3.90632791666667      -0.148218939658189     
   2.10433041666667        4.20666083333333      -0.135697288996053     
   2.10433041666667        4.50699375000000      -0.124809370707762     
   2.10433041666667        4.80732666666667      -0.115289410133601     
   2.10433041666667        5.10765958333333      -0.106635571806568     
   2.10433041666667        5.40799250000000      -9.845659447098341E-002
   2.10433041666667        5.70832541666667      -9.066744054385723E-002
   2.10433041666667        6.00865833333333      -8.341305333155417E-002
   2.10433041666667        6.30899125000000      -7.684399265818738E-002
   2.10433041666667        6.60932416666667      -7.096910200014638E-002
   2.10433041666667        6.90965708333333      -6.570862502084522E-002
   2.10433041666667        7.20999000000000      -6.096167608428108E-002
   2.40466333333333       2.000000000000000E-003 -0.755857716619917     
   2.40466333333333       0.302332916666667      -0.727504351425658     
   2.40466333333333       0.602665833333333      -0.654130549206095     
   2.40466333333333       0.902998750000000      -0.562274497166441     
   2.40466333333333        1.20333166666667      -0.472043549028145     
   2.40466333333333        1.50366458333333      -0.393388587536366     
   2.40466333333333        1.80399750000000      -0.329802382561435     
   2.40466333333333        2.10433041666667      -0.281294241196217     
   2.40466333333333        2.40466333333333      -0.245730090614507     
   2.40466333333333        2.70499625000000      -0.219701493610894     
   2.40466333333333        3.00532916666667      -0.199556287490211     
   2.40466333333333        3.30566208333333      -0.182427504606744     
   2.40466333333333        3.60599500000000      -0.166788574868493     
   2.40466333333333        3.90632791666667      -0.152324818591179     
   2.40466333333333        4.20666083333333      -0.139318670942302     
   2.40466333333333        4.50699375000000      -0.127968633090197     
   2.40466333333333        4.80732666666667      -0.118048842625624     
   2.40466333333333        5.10765958333333      -0.109033618525405     
   2.40466333333333        5.40799250000000      -0.100465985305137     
   2.40466333333333        5.70832541666667      -9.221381146144306E-002
   2.40466333333333        6.00865833333333      -8.443095543663182E-002
   2.40466333333333        6.30899125000000      -7.732103588421563E-002
   2.40466333333333        6.60932416666667      -7.095415599446295E-002
   2.40466333333333        6.90965708333333      -6.531200198844150E-002
   2.40466333333333        7.20999000000000      -6.043799679449611E-002
   2.70499625000000       2.000000000000000E-003  -1.01875806312381     
   2.70499625000000       0.302332916666667      -0.972015513651954     
   2.70499625000000       0.602665833333333      -0.851140264381854     
   2.70499625000000       0.902998750000000      -0.698982665182800     
   2.70499625000000        1.20333166666667      -0.559757088320669     
   2.70499625000000        1.50366458333333      -0.449081911778319     
   2.70499625000000        1.80399750000000      -0.364622023478219     
   2.70499625000000        2.10433041666667      -0.302509568878120     
   2.70499625000000        2.40466333333333      -0.258373692675404     
   2.70499625000000        2.70499625000000      -0.227362986204177     
   2.70499625000000        3.00532916666667      -0.204663774900996     
   2.70499625000000        3.30566208333333      -0.186401237018022     
   2.70499625000000        3.60599500000000      -0.170271625610296     
   2.70499625000000        3.90632791666667      -0.155492875794106     
   2.70499625000000        4.20666083333333      -0.142165686495928     
   2.70499625000000        4.50699375000000      -0.130480752958277     
   2.70499625000000        4.80732666666667      -0.120247700679406     
   2.70499625000000        5.10765958333333      -0.110941016619417     
   2.70499625000000        5.40799250000000      -0.102062650234914     
   2.70499625000000        5.70832541666667      -9.343361985212317E-002
   2.70499625000000        6.00865833333333      -8.518366247384680E-002
   2.70499625000000        6.30899125000000      -7.750313457393217E-002
   2.70499625000000        6.60932416666667      -7.052530863953832E-002
   2.70499625000000        6.90965708333333      -6.453117528066293E-002
   2.70499625000000        7.20999000000000      -5.965031487908527E-002
   3.00532916666667       2.000000000000000E-003  -1.30173409452301     
   3.00532916666667       0.302332916666667       -1.23560993602737     
   3.00532916666667       0.602665833333333       -1.06277972958878     
   3.00532916666667       0.902998750000000      -0.847907434528794     
   3.00532916666667        1.20333166666667      -0.649762173570486     
   3.00532916666667        1.50366458333333      -0.502329172583997     
   3.00532916666667        1.80399750000000      -0.396630902677502     
   3.00532916666667        2.10433041666667      -0.321514942490735     
   3.00532916666667        2.40466333333333      -0.269367551154361     
   3.00532916666667        2.70499625000000      -0.233695388782533     
   3.00532916666667        3.00532916666667      -0.208580852954812     
   3.00532916666667        3.30566208333333      -0.189245972368123     
   3.00532916666667        3.60599500000000      -0.172693022920233     
   3.00532916666667        3.90632791666667      -0.157709380369373     
   3.00532916666667        4.20666083333333      -0.144196000787922     
   3.00532916666667        4.50699375000000      -0.132299367433114     
   3.00532916666667        4.80732666666667      -0.121848201835736     
   3.00532916666667        5.10765958333333      -0.112328065421855     
   3.00532916666667        5.40799250000000      -0.103219644185279     
   3.00532916666667        5.70832541666667      -9.430204144744968E-002
   3.00532916666667        6.00865833333333      -8.565408318408378E-002
   3.00532916666667        6.30899125000000      -7.741353061800640E-002
   3.00532916666667        6.60932416666667      -6.988138500352888E-002
   3.00532916666667        6.90965708333333      -6.360871283861629E-002
   3.00532916666667        7.20999000000000      -5.883998808271781E-002
   3.30566208333333       2.000000000000000E-003  -1.50586756145264     
   3.30566208333333       0.302332916666667       -1.43110093550493     
   3.30566208333333       0.602665833333333       -1.22850624241666     
   3.30566208333333       0.902998750000000      -0.964534590986388     
   3.30566208333333        1.20333166666667      -0.721761998401781     
   3.30566208333333        1.50366458333333      -0.542026695133999     
   3.30566208333333        1.80399750000000      -0.419648468479560     
   3.30566208333333        2.10433041666667      -0.334920024327714     
   3.30566208333333        2.40466333333333      -0.276991484690318     
   3.30566208333333        2.70499625000000      -0.237962488185708     
   3.30566208333333        3.00532916666667      -0.211088093279486     
   3.30566208333333        3.30566208333333      -0.190955361193060     
   3.30566208333333        3.60599500000000      -0.174094237770985     
   3.30566208333333        3.90632791666667      -0.158998354224330     
   3.30566208333333        4.20666083333333      -0.145402340040615     
   3.30566208333333        4.50699375000000      -0.133397046297685     
   3.30566208333333        4.80732666666667      -0.122820553458483     
   3.30566208333333        5.10765958333333      -0.113171422044797     
   3.30566208333333        5.40799250000000      -0.103921000410683     
   3.30566208333333        5.70832541666667      -9.481738305508963E-002
   3.30566208333333        6.00865833333333      -8.588216521245445E-002
   3.30566208333333        6.30899125000000      -7.722163025010519E-002
   3.30566208333333        6.60932416666667      -6.924804582774753E-002
   3.30566208333333        6.90965708333333      -6.286705930297755E-002
   3.30566208333333        7.20999000000000      -5.825366047991443E-002
   3.60599500000000       2.000000000000000E-003  -1.64225091480291     
   3.60599500000000       0.302332916666667       -1.49731680116223     
   3.60599500000000       0.602665833333333       -1.28926859600221     
   3.60599500000000       0.902998750000000       -1.00874804461860     
   3.60599500000000        1.20333166666667      -0.749372990428941     
   3.60599500000000        1.50366458333333      -0.556907264463384     
   3.60599500000000        1.80399750000000      -0.428087799099674     
   3.60599500000000        2.10433041666667      -0.339782762973110     
   3.60599500000000        2.40466333333333      -0.279735912536595     
   3.60599500000000        2.70499625000000      -0.239479312572613     
   3.60599500000000        3.00532916666667      -0.211956163621933     
   3.60599500000000        3.30566208333333      -0.191522953907031     
   3.60599500000000        3.60599500000000      -0.174544842513953     
   3.60599500000000        3.90632791666667      -0.159416221279588     
   3.60599500000000        4.20666083333333      -0.145801429177960     
   3.60599500000000        4.50699375000000      -0.133764456905531     
   3.60599500000000        4.80732666666667      -0.123147796573005     
   3.60599500000000        5.10765958333333      -0.113456366337673     
   3.60599500000000        5.40799250000000      -0.104158887711280     
   3.60599500000000        5.70832541666667      -9.499185677272001E-002
   3.60599500000000        6.00865833333333      -8.595307646924717E-002
   3.60599500000000        6.30899125000000      -7.713980638009761E-002
   3.60599500000000        6.60932416666667      -6.900974190814804E-002
   3.60599500000000        6.90965708333333      -6.270740687439821E-002
   3.60599500000000        7.20999000000000      -5.801692706260039E-002
   3.90632791666667       2.000000000000000E-003  -1.50587082292792     
   3.90632791666667       0.302332916666667       -1.43106483026071     
   3.90632791666667       0.602665833333333       -1.22848234600000     
   3.90632791666667       0.902998750000000      -0.964531640817110     
   3.90632791666667        1.20333166666667      -0.721771117604686     
   3.90632791666667        1.50366458333333      -0.542039042298279     
   3.90632791666667        1.80399750000000      -0.419659886550754     
   3.90632791666667        2.10433041666667      -0.334929046258423     
   3.90632791666667        2.40466333333333      -0.276998070455185     
   3.90632791666667        2.70499625000000      -0.237967445661440     
   3.90632791666667        3.00532916666667      -0.211092436937093     
   3.90632791666667        3.30566208333333      -0.190959868810234     
   3.90632791666667        3.60599500000000      -0.174099243039233     
   3.90632791666667        3.90632791666667      -0.159003689254165     
   3.90632791666667        4.20666083333333      -0.145407702984343     
   3.90632791666667        4.50699375000000      -0.133402365275508     
   3.90632791666667        4.80732666666667      -0.122826162723861     
   3.90632791666667        5.10765958333333      -0.113178235002860     
   3.90632791666667        5.40799250000000      -0.103930407266263     
   3.90632791666667        5.70832541666667      -9.483161829793166E-002
   3.90632791666667        6.00865833333333      -8.590631016207492E-002
   3.90632791666667        6.30899125000000      -7.726379009727524E-002
   3.90632791666667        6.60932416666667      -6.931308647098150E-002
   3.90632791666667        6.90965708333333      -6.293926959232238E-002
   3.90632791666667        7.20999000000000      -5.827533523503107E-002
   4.20666083333333       2.000000000000000E-003  -1.30174112508984     
   4.20666083333333       0.302332916666667       -1.23558860616848     
   4.20666083333333       0.602665833333333       -1.06276647791213     
   4.20666083333333       0.902998750000000      -0.847914952142053     
   4.20666083333333        1.20333166666667      -0.649782852064213     
   4.20666083333333        1.50366458333333      -0.502352826691981     
   4.20666083333333        1.80399750000000      -0.396651982740580     
   4.20666083333333        2.10433041666667      -0.321531317804233     
   4.20666083333333        2.40466333333333      -0.269379326926986     
   4.20666083333333        2.70499625000000      -0.233704188172131     
   4.20666083333333        3.00532916666667      -0.208588741872254     
   4.20666083333333        3.30566208333333      -0.189254592725462     
   4.20666083333333        3.60599500000000      -0.172702950734501     
   4.20666083333333        3.90632791666667      -0.157720179275953     
   4.20666083333333        4.20666083333333      -0.144206874854329     
   4.20666083333333        4.50699375000000      -0.132309863532152     
   4.20666083333333        4.80732666666667      -0.121858758840270     
   4.20666083333333        5.10765958333333      -0.112340177915034     
   4.20666083333333        5.40799250000000      -0.103235665977897     
   4.20666083333333        5.70832541666667      -9.432526669752565E-002
   4.20666083333333        6.00865833333333      -8.569027003542322E-002
   4.20666083333333        6.30899125000000      -7.747243414889811E-002
   4.20666083333333        6.60932416666667      -6.996350715737917E-002
   4.20666083333333        6.90965708333333      -6.369105408675187E-002
   4.20666083333333        7.20999000000000      -5.887683172366430E-002
   4.50699375000000       2.000000000000000E-003  -1.01876551475971     
   4.50699375000000       0.302332916666667      -0.972017462857187     
   4.50699375000000       0.602665833333333      -0.851149833336047     
   4.50699375000000       0.902998750000000      -0.699005901742612     
   4.50699375000000        1.20333166666667      -0.559788212307187     
   4.50699375000000        1.50366458333333      -0.449113693838479     
   4.50699375000000        1.80399750000000      -0.364649282121228     
   4.50699375000000        2.10433041666667      -0.302530056725444     
   4.50699375000000        2.40466333333333      -0.258387916063554     
   4.50699375000000        2.70499625000000      -0.227373467895126     
   4.50699375000000        3.00532916666667      -0.204673742751781     
   4.50699375000000        3.30566208333333      -0.186413155886325     
   4.50699375000000        3.60599500000000      -0.170286304854665     
   4.50699375000000        3.90632791666667      -0.155509392191540     
   4.50699375000000        4.20666083333333      -0.142182447462184     
   4.50699375000000        4.50699375000000      -0.130496513258318     
   4.50699375000000        4.80732666666667      -0.120262488223796     
   4.50699375000000        5.10765958333333      -0.110956474469320     
   4.50699375000000        5.40799250000000      -0.102081524285425     
   4.50699375000000        5.70832541666667      -9.345926552902030E-002
   4.50699375000000        6.00865833333333      -8.522000696325049E-002
   4.50699375000000        6.30899125000000      -7.755512660525711E-002
   4.50699375000000        6.60932416666667      -7.059219953666242E-002
   4.50699375000000        6.90965708333333      -6.459462897329701E-002
   4.50699375000000        7.20999000000000      -5.968456603346460E-002
   4.80732666666667       2.000000000000000E-003 -0.755863435599542     
   4.80732666666667       0.302332916666667      -0.727518009261269     
   4.80732666666667       0.602665833333333      -0.654153695689533     
   4.80732666666667       0.902998750000000      -0.562306507604367     
   4.80732666666667        1.20333166666667      -0.472079882248933     
   4.80732666666667        1.50366458333333      -0.393423353181613     
   4.80732666666667        1.80399750000000      -0.329830907386948     
   4.80732666666667        2.10433041666667      -0.281314504051167     
   4.80732666666667        2.40466333333333      -0.245743135436714     
   4.80732666666667        2.70499625000000      -0.219710883452100     
   4.80732666666667        3.00532916666667      -0.199566374116053     
   4.80732666666667        3.30566208333333      -0.182441588356669     
   4.80732666666667        3.60599500000000      -0.166807658864824     
   4.80732666666667        3.90632791666667      -0.152347526557151     
   4.80732666666667        4.20666083333333      -0.139342133206170     
   4.80732666666667        4.50699375000000      -0.127990322085899     
   4.80732666666667        4.80732666666667      -0.118067915896623     
   4.80732666666667        5.10765958333333      -0.109051325883204     
   4.80732666666667        5.40799250000000      -0.100485100218607     
   4.80732666666667        5.70832541666667      -9.223749416545356E-002
   4.80732666666667        6.00865833333333      -8.446168133056579E-002
   4.80732666666667        6.30899125000000      -7.735969710433432E-002
   4.80732666666667        6.60932416666667      -7.099830140945425E-002
   4.80732666666667        6.90965708333333      -6.535307721526593E-002
   4.80732666666667        7.20999000000000      -6.046357094192641E-002
   5.10765958333333       2.000000000000000E-003 -0.560023392344034     
   5.10765958333333       0.302332916666667      -0.545414744449222     
   5.10765958333333       0.602665833333333      -0.506233708272041     
   5.10765958333333       0.902998750000000      -0.453234439609819     
   5.10765958333333        1.20333166666667      -0.396129979336883     
   5.10765958333333        1.50366458333333      -0.342514705677392     
   5.10765958333333        1.80399750000000      -0.296816380027979     
   5.10765958333333        2.10433041666667      -0.260501506883793     
   5.10765958333333        2.40466333333333      -0.232709345539801     
   5.10765958333333        2.70499625000000      -0.211172888839027     
   5.10765958333333        3.00532916666667      -0.193331282364904     
   5.10765958333333        3.30566208333333      -0.177287630229561     
   5.10765958333333        3.60599500000000      -0.162233223915537     
   5.10765958333333        3.90632791666667      -0.148248403127859     
   5.10765958333333        4.20666083333333      -0.135728666128278     
   5.10765958333333        4.50699375000000      -0.124838448632213     
   5.10765958333333        4.80732666666667      -0.115313939143325     
   5.10765958333333        5.10765958333333      -0.106656073067317     
   5.10765958333333        5.40799250000000      -9.847562408248324E-002
   5.10765958333333        5.70832541666667      -9.068809770619955E-002
   5.10765958333333        6.00865833333333      -8.343738393261926E-002
   5.10765958333333        6.30899125000000      -7.687199236540398E-002
   5.10765958333333        6.60932416666667      -7.099841582495310E-002
   5.10765958333333        6.90965708333333      -6.573507555067302E-002
   5.10765958333333        7.20999000000000      -6.098095125128038E-002
   5.40799250000000       2.000000000000000E-003 -0.432881454230423     
   5.40799250000000       0.302332916666667      -0.424514369218885     
   5.40799250000000       0.602665833333333      -0.401921864449976     
   5.40799250000000       0.902998750000000      -0.370002797200383     
   5.40799250000000        1.20333166666667      -0.334472835794219     
   5.40799250000000        1.50366458333333      -0.299585405263658     
   5.40799250000000        1.80399750000000      -0.267944613945911     
   5.40799250000000        2.10433041666667      -0.241387970678446     
   5.40799250000000        2.40466333333333      -0.219811821113290     
   5.40799250000000        2.70499625000000      -0.201854367518727     
   5.40799250000000        3.00532916666667      -0.185908913401653     
   5.40799250000000        3.30566208333333      -0.170906150096290     
   5.40799250000000        3.60599500000000      -0.156591984863810     
   5.40799250000000        3.90632791666667      -0.143295592186591     
   5.40799250000000        4.20666083333333      -0.131436120727540     
   5.40799250000000        4.50699375000000      -0.121117721643675     
   5.40799250000000        4.80732666666667      -0.112057323347112     
   5.40799250000000        5.10765958333333      -0.103816987411044     
   5.40799250000000        5.40799250000000      -9.609861297416017E-002
   5.40799250000000        5.70832541666667      -8.886238556511877E-002
   5.40799250000000        6.00865833333333      -8.220730313555014E-002
   5.40799250000000        6.30899125000000      -7.617219652401755E-002
   5.40799250000000        6.60932416666667      -7.073857762491949E-002
   5.40799250000000        6.90965708333333      -6.578776123345974E-002
   5.40799250000000        7.20999000000000      -6.119302600572135E-002
   5.70832541666667       2.000000000000000E-003 -0.352347550059517     
   5.70832541666667       0.302332916666667      -0.346875380437044     
   5.70832541666667       0.602665833333333      -0.332167309777854     
   5.70832541666667       0.902998750000000      -0.311640240595166     
   5.70832541666667        1.20333166666667      -0.288559708561685     
   5.70832541666667        1.50366458333333      -0.265386045189647     
   5.70832541666667        1.80399750000000      -0.243670578624488     
   5.70832541666667        2.10433041666667      -0.224114286851053     
   5.70832541666667        2.40466333333333      -0.206997539928752     
   5.70832541666667        2.70499625000000      -0.191677045793519     
   5.70832541666667        3.00532916666667      -0.177307835628676     
   5.70832541666667        3.30566208333333      -0.163419763953395     
   5.70832541666667        3.60599500000000      -0.150074583934862     
   5.70832541666667        3.90632791666667      -0.137679880979983     
   5.70832541666667        4.20666083333333      -0.126618529771176     
   5.70832541666667        4.50699375000000      -0.116943030109503     
   5.70832541666667        4.80732666666667      -0.108385001216687     
   5.70832541666667        5.10765958333333      -0.100604432795385     
   5.70832541666667        5.40799250000000      -9.341562977295538E-002
   5.70832541666667        5.70832541666667      -8.680810380005489E-002
   5.70832541666667        6.00865833333333      -8.074671715740463E-002
   5.70832541666667        6.30899125000000      -7.525509652917522E-002
   5.70832541666667        6.60932416666667      -7.029002977039585E-002
   5.70832541666667        6.90965708333333      -6.568642042834380E-002
   5.70832541666667        7.20999000000000      -6.126898802479504E-002
   6.00865833333333       2.000000000000000E-003 -0.305055780274471     
   6.00865833333333       0.302332916666667      -0.299954070492775     
   6.00865833333333       0.602665833333333      -0.287580695606842     
   6.00865833333333       0.902998750000000      -0.272204315902471     
   6.00865833333333        1.20333166666667      -0.255870572615357     
   6.00865833333333        1.50366458333333      -0.239394888751849     
   6.00865833333333        1.80399750000000      -0.223374017125111     
   6.00865833333333        2.10433041666667      -0.208201475166279     
   6.00865833333333        2.40466333333333      -0.194027641783743     
   6.00865833333333        2.70499625000000      -0.180662409434415     
   6.00865833333333        3.00532916666667      -0.167778534987393     
   6.00865833333333        3.30566208333333      -0.155224563258396     
   6.00865833333333        3.60599500000000      -0.143069896572417     
   6.00865833333333        3.90632791666667      -0.131680020547392     
   6.00865833333333        4.20666083333333      -0.121456147493125     
   6.00865833333333        4.50699375000000      -0.112453036496413     
   6.00865833333333        4.80732666666667      -0.104411970490390     
   6.00865833333333        5.10765958333333      -9.710768855249549E-002
   6.00865833333333        5.40799250000000      -9.047869354275685E-002
   6.00865833333333        5.70832541666667      -8.445421285442974E-002
   6.00865833333333        6.00865833333333      -7.897532667466672E-002
   6.00865833333333        6.30899125000000      -7.404841275687747E-002
   6.00865833333333        6.60932416666667      -6.962291187836088E-002
   6.00865833333333        6.90965708333333      -6.547525405770871E-002
   6.00865833333333        7.20999000000000      -6.127946265630881E-002
   6.30899125000000       2.000000000000000E-003 -0.280542469495650     
   6.30899125000000       0.302332916666667      -0.272956898543976     
   6.30899125000000       0.602665833333333      -0.258402327566434     
   6.30899125000000       0.902998750000000      -0.244553647348494     
   6.30899125000000        1.20333166666667      -0.231576399566830     
   6.30899125000000        1.50366458333333      -0.218678955872875     
   6.30899125000000        1.80399750000000      -0.205780055432156     
   6.30899125000000        2.10433041666667      -0.193061545087194     
   6.30899125000000        2.40466333333333      -0.180813672454333     
   6.30899125000000        2.70499625000000      -0.169072286585422     
   6.30899125000000        3.00532916666667      -0.157736653883840     
   6.30899125000000        3.30566208333333      -0.146603309068039     
   6.30899125000000        3.60599500000000      -0.135706720928888     
   6.30899125000000        3.90632791666667      -0.125426415350143     
   6.30899125000000        4.20666083333333      -0.116090195587746     
   6.30899125000000        4.50699375000000      -0.107771374464732     
   6.30899125000000        4.80732666666667      -0.100267168476001     
   6.30899125000000        5.10765958333333      -9.341584311307066E-002
   6.30899125000000        5.40799250000000      -8.728032630998142E-002
   6.30899125000000        5.70832541666667      -8.178984704590540E-002
   6.30899125000000        6.00865833333333      -7.685980835571407E-002
   6.30899125000000        6.30899125000000      -7.246129695733841E-002
   6.30899125000000        6.60932416666667      -6.860382348554958E-002
   6.30899125000000        6.90965708333333      -6.510210839155164E-002
   6.30899125000000        7.20999000000000      -6.125225913177306E-002
   6.60932416666667       2.000000000000000E-003 -0.266736047910843     
   6.60932416666667       0.302332916666667      -0.252658455720905     
   6.60932416666667       0.602665833333333      -0.234476978540287     
   6.60932416666667       0.902998750000000      -0.222357596615403     
   6.60932416666667        1.20333166666667      -0.211547744562819     
   6.60932416666667        1.50366458333333      -0.200529265108170     
   6.60932416666667        1.80399750000000      -0.189376849762305     
   6.60932416666667        2.10433041666667      -0.178296560331945     
   6.60932416666667        2.40466333333333      -0.167536921356101     
   6.60932416666667        2.70499625000000      -0.157305150465596     
   6.60932416666667        3.00532916666667      -0.147515593829498     
   6.60932416666667        3.30566208333333      -0.137950594887539     
   6.60932416666667        3.60599500000000      -0.128503849810090     
   6.60932416666667        3.90632791666667      -0.119455716393944     
   6.60932416666667        4.20666083333333      -0.111043474337605     
   6.60932416666667        4.50699375000000      -0.103205594928829     
   6.60932416666667        4.80732666666667      -9.609585765854917E-002
   6.60932416666667        5.10765958333333      -8.960555052776363E-002
   6.60932416666667        5.40799250000000      -8.388869238731435E-002
   6.60932416666667        5.70832541666667      -7.889038191293667E-002
   6.60932416666667        6.00865833333333      -7.447106739676684E-002
   6.60932416666667        6.30899125000000      -7.050043481676754E-002
   6.60932416666667        6.60932416666667      -6.701465102397650E-002
   6.60932416666667        6.90965708333333      -6.429388894754062E-002
   6.60932416666667        7.20999000000000      -6.114381754202641E-002
   6.90965708333333       2.000000000000000E-003 -0.243208873906856     
   6.90965708333333       0.302332916666667      -0.225987600630310     
   6.90965708333333       0.602665833333333      -0.211469536878159     
   6.90965708333333       0.902998750000000      -0.202824071764598     
   6.90965708333333        1.20333166666667      -0.193481030733715     
   6.90965708333333        1.50366458333333      -0.183521385732261     
   6.90965708333333        1.80399750000000      -0.173569802693078     
   6.90965708333333        2.10433041666667      -0.163885256969876     
   6.90965708333333        2.40466333333333      -0.154592617673130     
   6.90965708333333        2.70499625000000      -0.145849381769165     
   6.90965708333333        3.00532916666667      -0.137727155468424     
   6.90965708333333        3.30566208333333      -0.130223568499947     
   6.90965708333333        3.60599500000000      -0.122731915095467     
   6.90965708333333        3.90632791666667      -0.114664185734835     
   6.90965708333333        4.20666083333333      -0.106888784942218     
   6.90965708333333        4.50699375000000      -9.917465070938908E-002
   6.90965708333333        4.80732666666667      -9.205357038075165E-002
   6.90965708333333        5.10765958333333      -8.577285591288059E-002
   6.90965708333333        5.40799250000000      -8.040258172973251E-002
   6.90965708333333        5.70832541666667      -7.587957545026527E-002
   6.90965708333333        6.00865833333333      -7.200781244363004E-002
   6.90965708333333        6.30899125000000      -6.854132992591574E-002
   6.90965708333333        6.60932416666667      -6.524015153334915E-002
   6.90965708333333        6.90965708333333      -6.269119089327690E-002
   6.90965708333333        7.20999000000000      -6.068858141170658E-002
   7.20999000000000       2.000000000000000E-003 -0.212136204059987     
   7.20999000000000       0.302332916666667      -0.207221251137773     
   7.20999000000000       0.602665833333333      -0.195451501127104     
   7.20999000000000       0.902998750000000      -0.185822268317459     
   7.20999000000000        1.20333166666667      -0.176511010926027     
   7.20999000000000        1.50366458333333      -0.167364788156842     
   7.20999000000000        1.80399750000000      -0.158578712929064     
   7.20999000000000        2.10433041666667      -0.150273291760386     
   7.20999000000000        2.40466333333333      -0.142466677510942     
   7.20999000000000        2.70499625000000      -0.135213233732298     
   7.20999000000000        3.00532916666667      -0.128767884929031     
   7.20999000000000        3.30566208333333      -0.123229935648054     
   7.20999000000000        3.60599500000000      -0.117828968811435     
   7.20999000000000        3.90632791666667      -0.110531537314281     
   7.20999000000000        4.20666083333333      -0.103194459206920     
   7.20999000000000        4.50699375000000      -9.532964143461774E-002
   7.20999000000000        4.80732666666667      -8.810262217355239E-002
   7.20999000000000        5.10765958333333      -8.193438035911234E-002
   7.20999000000000        5.40799250000000      -7.689836051949178E-002
   7.20999000000000        5.70832541666667      -7.282169231567505E-002
   7.20999000000000        6.00865833333333      -6.953030360228342E-002
   7.20999000000000        6.30899125000000      -6.684476644046602E-002
   7.20999000000000        6.60932416666667      -6.451399841989434E-002
   7.20999000000000        6.90965708333333      -6.205342166588187E-002
   7.20999000000000        7.20999000000000      -5.904750429742878E-002
