  2.000000000000000E-003  2.000000000000000E-003 -0.542290601085729     
  2.000000000000000E-003  0.302332916666667      -0.511394741028891     
  2.000000000000000E-003  0.602665833333333      -0.452887669955208     
  2.000000000000000E-003  0.902998750000000      -0.384051942150256     
  2.000000000000000E-003   1.20333166666667      -0.330995131914172     
  2.000000000000000E-003   1.50366458333333      -0.291857469147328     
  2.000000000000000E-003   1.80399750000000      -0.261303543105415     
  2.000000000000000E-003   2.10433041666667      -0.236000854650750     
  2.000000000000000E-003   2.40466333333333      -0.214002915366862     
  2.000000000000000E-003   2.70499625000000      -0.195155451121706     
  2.000000000000000E-003   3.00532916666667      -0.179673981145226     
  2.000000000000000E-003   3.30566208333333      -0.168163244273331     
  2.000000000000000E-003   3.60599500000000      -0.158581274839541     
  2.000000000000000E-003   3.90632791666667      -0.144272231380364     
  2.000000000000000E-003   4.20666083333333      -0.130928657722616     
  2.000000000000000E-003   4.50699375000000      -0.117954656095379     
  2.000000000000000E-003   4.80732666666667      -0.106750613454583     
  2.000000000000000E-003   5.10765958333333      -9.748393598805330E-002
  2.000000000000000E-003   5.40799250000000      -8.997850158574426E-002
  2.000000000000000E-003   5.70832541666667      -8.404911430188076E-002
  2.000000000000000E-003   6.00865833333333      -7.936648459051859E-002
  2.000000000000000E-003   6.30899125000000      -7.551080169261916E-002
  2.000000000000000E-003   6.60932416666667      -7.202891909442974E-002
  2.000000000000000E-003   6.90965708333333      -6.870948328666740E-002
  2.000000000000000E-003   7.20999000000000      -6.503495130412068E-002
  0.302332916666667       2.000000000000000E-003 -0.590665683205038     
  0.302332916666667       0.302332916666667      -0.518729269960643     
  0.302332916666667       0.602665833333333      -0.461374127689085     
  0.302332916666667       0.902998750000000      -0.406575793366058     
  0.302332916666667        1.20333166666667      -0.357320137528104     
  0.302332916666667        1.50366458333333      -0.316508414459364     
  0.302332916666667        1.80399750000000      -0.282529440931433     
  0.302332916666667        2.10433041666667      -0.253533950914428     
  0.302332916666667        2.40466333333333      -0.228384007318850     
  0.302332916666667        2.70499625000000      -0.207048539170869     
  0.302332916666667        3.00532916666667      -0.189194594230127     
  0.302332916666667        3.30566208333333      -0.175107514793099     
  0.302332916666667        3.60599500000000      -0.163096850350691     
  0.302332916666667        3.90632791666667      -0.149066023022182     
  0.302332916666667        4.20666083333333      -0.134781124921797     
  0.302332916666667        4.50699375000000      -0.121445092941941     
  0.302332916666667        4.80732666666667      -0.109969968943774     
  0.302332916666667        5.10765958333333      -0.100347088265512     
  0.302332916666667        5.40799250000000      -9.243504954048259E-002
  0.302332916666667        5.70832541666667      -8.606078341545487E-002
  0.302332916666667        6.00865833333333      -8.086660856527857E-002
  0.302332916666667        6.30899125000000      -7.645707694834204E-002
  0.302332916666667        6.60932416666667      -7.245888472113304E-002
  0.302332916666667        6.90965708333333      -6.907388647376630E-002
  0.302332916666667        7.20999000000000      -6.577385363202472E-002
  0.602665833333333       2.000000000000000E-003 -0.601797945875084     
  0.602665833333333       0.302332916666667      -0.551729163837921     
  0.602665833333333       0.602665833333333      -0.483248489102250     
  0.602665833333333       0.902998750000000      -0.428843856249853     
  0.602665833333333        1.20333166666667      -0.380899183154900     
  0.602665833333333        1.50366458333333      -0.338329409027512     
  0.602665833333333        1.80399750000000      -0.301071435705038     
  0.602665833333333        2.10433041666667      -0.268711357236542     
  0.602665833333333        2.40466333333333      -0.241017365689512     
  0.602665833333333        2.70499625000000      -0.217858515822804     
  0.602665833333333        3.00532916666667      -0.198193114293403     
  0.602665833333333        3.30566208333333      -0.181579496563377     
  0.602665833333333        3.60599500000000      -0.166771736328583     
  0.602665833333333        3.90632791666667      -0.151996207748916     
  0.602665833333333        4.20666083333333      -0.137397802990131     
  0.602665833333333        4.50699375000000      -0.124046170026714     
  0.602665833333333        4.80732666666667      -0.112585596215878     
  0.602665833333333        5.10765958333333      -0.102787374879339     
  0.602665833333333        5.40799250000000      -9.458464210114867E-002
  0.602665833333333        5.70832541666667      -8.779284244136734E-002
  0.602665833333333        6.00865833333333      -8.209721121365521E-002
  0.602665833333333        6.30899125000000      -7.719895595688589E-002
  0.602665833333333        6.60932416666667      -7.289747386546792E-002
  0.602665833333333        6.90965708333333      -6.912257880592522E-002
  0.602665833333333        7.20999000000000      -6.508470375981952E-002
  0.902998750000000       2.000000000000000E-003 -0.607806066077657     
  0.902998750000000       0.302332916666667      -0.577062506773631     
  0.902998750000000       0.602665833333333      -0.516134988804792     
  0.902998750000000       0.902998750000000      -0.456801784841163     
  0.902998750000000        1.20333166666667      -0.404121563137715     
  0.902998750000000        1.50366458333333      -0.357295296576727     
  0.902998750000000        1.80399750000000      -0.316092468743439     
  0.902998750000000        2.10433041666667      -0.280520844716080     
  0.902998750000000        2.40466333333333      -0.250893755625246     
  0.902998750000000        2.70499625000000      -0.226100228737449     
  0.902998750000000        3.00532916666667      -0.204903357659852     
  0.902998750000000        3.30566208333333      -0.186331923354914     
  0.902998750000000        3.60599500000000      -0.169524616194459     
  0.902998750000000        3.90632791666667      -0.153763463348936     
  0.902998750000000        4.20666083333333      -0.139061797773345     
  0.902998750000000        4.50699375000000      -0.125914398471452     
  0.902998750000000        4.80732666666667      -0.114569592282320     
  0.902998750000000        5.10765958333333      -0.104780374788768     
  0.902998750000000        5.40799250000000      -9.635758924227419E-002
  0.902998750000000        5.70832541666667      -8.920796979305201E-002
  0.902998750000000        6.00865833333333      -8.305293152554109E-002
  0.902998750000000        6.30899125000000      -7.767015323945603E-002
  0.902998750000000        6.60932416666667      -7.288307375426488E-002
  0.902998750000000        6.90965708333333      -6.844188744982903E-002
  0.902998750000000        7.20999000000000      -6.392785628814884E-002
   1.20333166666667       2.000000000000000E-003 -0.609171364673314     
   1.20333166666667       0.302332916666667      -0.588292644184611     
   1.20333166666667       0.602665833333333      -0.538155426413480     
   1.20333166666667       0.902998750000000      -0.479614806042908     
   1.20333166666667        1.20333166666667      -0.423069584637252     
   1.20333166666667        1.50366458333333      -0.371712399452737     
   1.20333166666667        1.80399750000000      -0.326590827957495     
   1.20333166666667        2.10433041666667      -0.288665595829357     
   1.20333166666667        2.40466333333333      -0.257520265806436     
   1.20333166666667        2.70499625000000      -0.231310917225830     
   1.20333166666667        3.00532916666667      -0.208794329316490     
   1.20333166666667        3.30566208333333      -0.189021299910550     
   1.20333166666667        3.60599500000000      -0.171187219157949     
   1.20333166666667        3.90632791666667      -0.154907206610483     
   1.20333166666667        4.20666083333333      -0.140213663975095     
   1.20333166666667        4.50699375000000      -0.127276019375221     
   1.20333166666667        4.80732666666667      -0.116043091150450     
   1.20333166666667        5.10765958333333      -0.106284664251459     
   1.20333166666667        5.40799250000000      -9.774824699823996E-002
   1.20333166666667        5.70832541666667      -9.029274552186438E-002
   1.20333166666667        6.00865833333333      -8.372052867481741E-002
   1.20333166666667        6.30899125000000      -7.785954893191302E-002
   1.20333166666667        6.60932416666667      -7.256276279977467E-002
   1.20333166666667        6.90965708333333      -6.764332067527409E-002
   1.20333166666667        7.20999000000000      -6.291747747079174E-002
   1.50366458333333       2.000000000000000E-003 -0.604366794266838     
   1.50366458333333       0.302332916666667      -0.588172688685899     
   1.50366458333333       0.602665833333333      -0.545994123317089     
   1.50366458333333       0.902998750000000      -0.490909797895865     
   1.50366458333333        1.20333166666667      -0.433331191563464     
   1.50366458333333        1.50366458333333      -0.379076976287710     
   1.50366458333333        1.80399750000000      -0.331673605750197     
   1.50366458333333        2.10433041666667      -0.292791579258549     
   1.50366458333333        2.40466333333333      -0.260591980041425     
   1.50366458333333        2.70499625000000      -0.233503457618649     
   1.50366458333333        3.00532916666667      -0.210299469497808     
   1.50366458333333        3.30566208333333      -0.189984022068662     
   1.50366458333333        3.60599500000000      -0.171847566792917     
   1.50366458333333        3.90632791666667      -0.155537847821766     
   1.50366458333333        4.20666083333333      -0.140990658079165     
   1.50366458333333        4.50699375000000      -0.128207886622904     
   1.50366458333333        4.80732666666667      -0.117075402133428     
   1.50366458333333        5.10765958333333      -0.107348341534561     
   1.50366458333333        5.40799250000000      -9.874966068808383E-002
   1.50366458333333        5.70832541666667      -9.106332228711647E-002
   1.50366458333333        6.00865833333333      -8.414271006738862E-002
   1.50366458333333        6.30899125000000      -7.788080446056692E-002
   1.50366458333333        6.60932416666667      -7.219275719583396E-002
   1.50366458333333        6.90965708333333      -6.697859147182447E-002
   1.50366458333333        7.20999000000000      -6.214804221699134E-002
   1.80399750000000       2.000000000000000E-003 -0.592366671885100     
   1.80399750000000       0.302332916666667      -0.578684093783470     
   1.80399750000000       0.602665833333333      -0.540761045409633     
   1.80399750000000       0.902998750000000      -0.488860709654261     
   1.80399750000000        1.20333166666667      -0.431941840951352     
   1.80399750000000        1.50366458333333      -0.377803700466618     
   1.80399750000000        1.80399750000000      -0.331524735343242     
   1.80399750000000        2.10433041666667      -0.292547796420255     
   1.80399750000000        2.40466333333333      -0.259911234838901     
   1.80399750000000        2.70499625000000      -0.232590830067735     
   1.80399750000000        3.00532916666667      -0.209435811331873     
   1.80399750000000        3.30566208333333      -0.189342510320877     
   1.80399750000000        3.60599500000000      -0.171495724847598     
   1.80399750000000        3.90632791666667      -0.155483065755841     
   1.80399750000000        4.20666083333333      -0.141200417678398     
   1.80399750000000        4.50699375000000      -0.128627031815710     
   1.80399750000000        4.80732666666667      -0.117640522419460     
   1.80399750000000        5.10765958333333      -0.107983889684375     
   1.80399750000000        5.40799250000000      -9.935917052802516E-002
   1.80399750000000        5.70832541666667      -9.153402274766384E-002
   1.80399750000000        6.00865833333333      -8.437032998419937E-002
   1.80399750000000        6.30899125000000      -7.781773042599169E-002
   1.80399750000000        6.60932416666667      -7.186462110070299E-002
   1.80399750000000        6.90965708333333      -6.647118948715722E-002
   1.80399750000000        7.20999000000000      -6.159385011733427E-002
   2.10433041666667       2.000000000000000E-003 -0.574530504993744     
   2.10433041666667       0.302332916666667      -0.560328193985634     
   2.10433041666667       0.602665833333333      -0.523586806479748     
   2.10433041666667       0.902998750000000      -0.472770369211761     
   2.10433041666667        1.20333166666667      -0.419959313107111     
   2.10433041666667        1.50366458333333      -0.370388222192884     
   2.10433041666667        1.80399750000000      -0.326063769262923     
   2.10433041666667        2.10433041666667      -0.287749593084982     
   2.10433041666667        2.40466333333333      -0.255500125460094     
   2.10433041666667        2.70499625000000      -0.228712694043596     
   2.10433041666667        3.00532916666667      -0.206285831634287     
   2.10433041666667        3.30566208333333      -0.186994170933153     
   2.10433041666667        3.60599500000000      -0.169886524990402     
   2.10433041666667        3.90632791666667      -0.154476359567881     
   2.10433041666667        4.20666083333333      -0.140650334763736     
   2.10433041666667        4.50699375000000      -0.128412528066751     
   2.10433041666667        4.80732666666667      -0.117664428255737     
   2.10433041666667        5.10765958333333      -0.108152955506854     
   2.10433041666667        5.40799250000000      -9.957174610732805E-002
   2.10433041666667        5.70832541666667      -9.169227761533810E-002
   2.10433041666667        6.00865833333333      -8.441299503125010E-002
   2.10433041666667        6.30899125000000      -7.771356456102201E-002
   2.10433041666667        6.60932416666667      -7.159691107923409E-002
   2.10433041666667        6.90965708333333      -6.610856543716238E-002
   2.10433041666667        7.20999000000000      -6.122026420329402E-002
   2.40466333333333       2.000000000000000E-003 -0.559599716260030     
   2.40466333333333       0.302332916666667      -0.543567117939657     
   2.40466333333333       0.602665833333333      -0.502882037975987     
   2.40466333333333       0.902998750000000      -0.453674655399169     
   2.40466333333333        1.20333166666667      -0.404184211833232     
   2.40466333333333        1.50366458333333      -0.357532743092032     
   2.40466333333333        1.80399750000000      -0.315323007340108     
   2.40466333333333        2.10433041666667      -0.278595046120507     
   2.40466333333333        2.40466333333333      -0.247733272458142     
   2.40466333333333        2.70499625000000      -0.222302049449384     
   2.40466333333333        3.00532916666667      -0.201202718576415     
   2.40466333333333        3.30566208333333      -0.183129605624934     
   2.40466333333333        3.60599500000000      -0.167053845288374     
   2.40466333333333        3.90632791666667      -0.152460754758089     
   2.40466333333333        4.20666083333333      -0.139257051847325     
   2.40466333333333        4.50699375000000      -0.127487195578725     
   2.40466333333333        4.80732666666667      -0.117083957766482     
   2.40466333333333        5.10765958333333      -0.107806193564963     
   2.40466333333333        5.40799250000000      -9.935130728244190E-002
   2.40466333333333        5.70832541666667      -9.150522796277415E-002
   2.40466333333333        6.00865833333333      -8.420018217997867E-002
   2.40466333333333        6.30899125000000      -7.745647563317244E-002
   2.40466333333333        6.60932416666667      -7.129664888689834E-002
   2.40466333333333        6.90965708333333      -6.575530655553770E-002
   2.40466333333333        7.20999000000000      -6.093851215350612E-002
   2.70499625000000       2.000000000000000E-003 -0.550168434695318     
   2.70499625000000       0.302332916666667      -0.533086258297392     
   2.70499625000000       0.602665833333333      -0.489431798143630     
   2.70499625000000       0.902998750000000      -0.434966556735923     
   2.70499625000000        1.20333166666667      -0.384170437342687     
   2.70499625000000        1.50366458333333      -0.339467975866260     
   2.70499625000000        1.80399750000000      -0.299936637401298     
   2.70499625000000        2.10433041666667      -0.265841288406836     
   2.70499625000000        2.40466333333333      -0.237361097918226     
   2.70499625000000        2.70499625000000      -0.214011020253440     
   2.70499625000000        3.00532916666667      -0.194679349292957     
   2.70499625000000        3.30566208333333      -0.178064437268961     
   2.70499625000000        3.60599500000000      -0.163161620861192     
   2.70499625000000        3.90632791666667      -0.149498749864602     
   2.70499625000000        4.20666083333333      -0.137030942739464     
   2.70499625000000        4.50699375000000      -0.125840426329716     
   2.70499625000000        4.80732666666667      -0.115880425977610     
   2.70499625000000        5.10765958333333      -0.106920554948067     
   2.70499625000000        5.40799250000000      -9.867281672370219E-002
   2.70499625000000        5.70832541666667      -9.094933042937957E-002
   2.70499625000000        6.00865833333333      -8.371324954960067E-002
   2.70499625000000        6.30899125000000      -7.698718045398420E-002
   2.70499625000000        6.60932416666667      -7.079808469606025E-002
   2.70499625000000        6.90965708333333      -6.534707407562723E-002
   2.70499625000000        7.20999000000000      -6.075841869735282E-002
   3.00532916666667       2.000000000000000E-003 -0.527877432119317     
   3.00532916666667       0.302332916666667      -0.509205746321027     
   3.00532916666667       0.602665833333333      -0.463639039684536     
   3.00532916666667       0.902998750000000      -0.409753826857663     
   3.00532916666667        1.20333166666667      -0.359445110448665     
   3.00532916666667        1.50366458333333      -0.317272479938650     
   3.00532916666667        1.80399750000000      -0.281281558642654     
   3.00532916666667        2.10433041666667      -0.250721335386170     
   3.00532916666667        2.40466333333333      -0.225348397690872     
   3.00532916666667        2.70499625000000      -0.204534587358834     
   3.00532916666667        3.00532916666667      -0.187184231626997     
   3.00532916666667        3.30566208333333      -0.172097267378546     
   3.00532916666667        3.60599500000000      -0.158392953423518     
   3.00532916666667        3.90632791666667      -0.145702194839443     
   3.00532916666667        4.20666083333333      -0.134042063735186     
   3.00532916666667        4.50699375000000      -0.123516250816830     
   3.00532916666667        4.80732666666667      -0.114078633395640     
   3.00532916666667        5.10765958333333      -0.105505191618508     
   3.00532916666667        5.40799250000000      -9.753376375499213E-002
   3.00532916666667        5.70832541666667      -9.001825042604637E-002
   3.00532916666667        6.00865833333333      -8.296443928268550E-002
   3.00532916666667        6.30899125000000      -7.639659883133165E-002
   3.00532916666667        6.60932416666667      -7.035017389179367E-002
   3.00532916666667        6.90965708333333      -6.508986471211750E-002
   3.00532916666667        7.20999000000000      -6.083708727000002E-002
   3.30566208333333       2.000000000000000E-003 -0.486858177235438     
   3.30566208333333       0.302332916666667      -0.469501331018013     
   3.30566208333333       0.602665833333333      -0.427064749671930     
   3.30566208333333       0.902998750000000      -0.377043441010184     
   3.30566208333333        1.20333166666667      -0.331005571781675     
   3.30566208333333        1.50366458333333      -0.292814027612455     
   3.30566208333333        1.80399750000000      -0.261103165399624     
   3.30566208333333        2.10433041666667      -0.234565583600224     
   3.30566208333333        2.40466333333333      -0.212589333039366     
   3.30566208333333        2.70499625000000      -0.194425927491894     
   3.30566208333333        3.00532916666667      -0.179051936797355     
   3.30566208333333        3.30566208333333      -0.165443485871936     
   3.30566208333333        3.60599500000000      -0.152905781543438     
   3.30566208333333        3.90632791666667      -0.141199285209796     
   3.30566208333333        4.20666083333333      -0.130393916282538     
   3.30566208333333        4.50699375000000      -0.120590683884023     
   3.30566208333333        4.80732666666667      -0.111726992288081     
   3.30566208333333        5.10765958333333      -0.103584354846215     
   3.30566208333333        5.40799250000000      -9.593780263672627E-002
   3.30566208333333        5.70832541666667      -8.869768928636407E-002
   3.30566208333333        6.00865833333333      -8.193369041719592E-002
   3.30566208333333        6.30899125000000      -7.565167060703913E-002
   3.30566208333333        6.60932416666667      -6.987645574989013E-002
   3.30566208333333        6.90965708333333      -6.492391155646585E-002
   3.30566208333333        7.20999000000000      -6.099634389352498E-002
   3.60599500000000       2.000000000000000E-003 -0.432879988909107     
   3.60599500000000       0.302332916666667      -0.421144669533629     
   3.60599500000000       0.602665833333333      -0.385974235778648     
   3.60599500000000       0.902998750000000      -0.342048171974534     
   3.60599500000000        1.20333166666667      -0.301420338639385     
   3.60599500000000        1.50366458333333      -0.267995368976612     
   3.60599500000000        1.80399750000000      -0.240857416567580     
   3.60599500000000        2.10433041666667      -0.218363430410680     
   3.60599500000000        2.40466333333333      -0.199679620375390     
   3.60599500000000        2.70499625000000      -0.184019372786252     
   3.60599500000000        3.00532916666667      -0.170484782650608     
   3.60599500000000        3.30566208333333      -0.158261344191088     
   3.60599500000000        3.60599500000000      -0.146852478853645     
   3.60599500000000        3.90632791666667      -0.136137573382022     
   3.60599500000000        4.20666083333333      -0.126213821782080     
   3.60599500000000        4.50699375000000      -0.117157281406399     
   3.60599500000000        4.80732666666667      -0.108882490491957     
   3.60599500000000        5.10765958333333      -0.101183666708020     
   3.60599500000000        5.40799250000000      -9.388339811798506E-002
   3.60599500000000        5.70832541666667      -8.695175642807318E-002
   3.60599500000000        6.00865833333333      -8.051098661111974E-002
   3.60599500000000        6.30899125000000      -7.457161347451910E-002
   3.60599500000000        6.60932416666667      -6.918002309098709E-002
   3.60599500000000        6.90965708333333      -6.468331323185658E-002
   3.60599500000000        7.20999000000000      -6.119135295686744E-002
   3.90632791666667       2.000000000000000E-003 -0.384139463953222     
   3.90632791666667       0.302332916666667      -0.372873715647037     
   3.90632791666667       0.602665833333333      -0.342884872362173     
   3.90632791666667       0.902998750000000      -0.306116494236287     
   3.90632791666667        1.20333166666667      -0.271881225160644     
   3.90632791666667        1.50366458333333      -0.243822228892396     
   3.90632791666667        1.80399750000000      -0.221270160649199     
   3.90632791666667        2.10433041666667      -0.202571852283974     
   3.90632791666667        2.40466333333333      -0.186888707326348     
   3.90632791666667        2.70499625000000      -0.173492264930392     
   3.90632791666667        3.00532916666667      -0.161641473370915     
   3.90632791666667        3.30566208333333      -0.150726439292154     
   3.90632791666667        3.60599500000000      -0.140423586102114     
   3.90632791666667        3.90632791666667      -0.130698279061054     
   3.90632791666667        4.20666083333333      -0.121649129750351     
   3.90632791666667        4.50699375000000      -0.113318301886713     
   3.90632791666667        4.80732666666667      -0.105605686961452     
   3.90632791666667        5.10765958333333      -9.833324563475142E-002
   3.90632791666667        5.40799250000000      -9.137868353987447E-002
   3.90632791666667        5.70832541666667      -8.476122409387898E-002
   3.90632791666667        6.00865833333333      -7.861908903114458E-002
   3.90632791666667        6.30899125000000      -7.299967331010204E-002
   3.90632791666667        6.60932416666667      -6.792828104184984E-002
   3.90632791666667        6.90965708333333      -6.352074420867805E-002
   3.90632791666667        7.20999000000000      -5.951935628024496E-002
   4.20666083333333       2.000000000000000E-003 -0.325357980574234     
   4.20666083333333       0.302332916666667      -0.316953764127328     
   4.20666083333333       0.602665833333333      -0.295385763864452     
   4.20666083333333       0.902998750000000      -0.268478173544401     
   4.20666083333333        1.20333166666667      -0.242332137270852     
   4.20666083333333        1.50366458333333      -0.220533909242559     
   4.20666083333333        1.80399750000000      -0.202487490810520     
   4.20666083333333        2.10433041666667      -0.187291258511992     
   4.20666083333333        2.40466333333333      -0.174327141317089     
   4.20666083333333        2.70499625000000      -0.162997939754814     
   4.20666083333333        3.00532916666667      -0.152724162771350     
   4.20666083333333        3.30566208333333      -0.143071817616035     
   4.20666083333333        3.60599500000000      -0.133850272865322     
   4.20666083333333        3.90632791666667      -0.125078794963012     
   4.20666083333333        4.20666083333333      -0.116845873481952     
   4.20666083333333        4.50699375000000      -0.109170317334502     
   4.20666083333333        4.80732666666667      -0.101959841068615     
   4.20666083333333        5.10765958333333      -9.508139843770508E-002
   4.20666083333333        5.40799250000000      -8.846915755755945E-002
   4.20666083333333        5.70832541666667      -8.217482765842467E-002
   4.20666083333333        6.00865833333333      -7.632100083801586E-002
   4.20666083333333        6.30899125000000      -7.097305234272840E-002
   4.20666083333333        6.60932416666667      -6.612021825050728E-002
   4.20666083333333        6.90965708333333      -6.177925097350141E-002
   4.20666083333333        7.20999000000000      -5.783472961817591E-002
   4.50699375000000       2.000000000000000E-003 -0.265939545542191     
   4.50699375000000       0.302332916666667      -0.261223369553452     
   4.50699375000000       0.602665833333333      -0.248694455677370     
   4.50699375000000       0.902998750000000      -0.231806074801673     
   4.50699375000000        1.20333166666667      -0.214275396301517     
   4.50699375000000        1.50366458333333      -0.198422384965258     
   4.50699375000000        1.80399750000000      -0.184593385955689     
   4.50699375000000        2.10433041666667      -0.172622862668670     
   4.50699375000000        2.40466333333333      -0.162161595103462     
   4.50699375000000        2.70499625000000      -0.152761320823670     
   4.50699375000000        3.00532916666667      -0.143987243846545     
   4.50699375000000        3.30566208333333      -0.135545347089789     
   4.50699375000000        3.60599500000000      -0.127342472982410     
   4.50699375000000        3.90632791666667      -0.119434917427707     
   4.50699375000000        4.20666083333333      -0.111909364355121     
   4.50699375000000        4.50699375000000      -0.104787449489616     
   4.50699375000000        4.80732666666667      -9.801116208386668E-002
   4.50699375000000        5.10765958333333      -9.150398795664325E-002
   4.50699375000000        5.40799250000000      -8.524821750607361E-002
   4.50699375000000        5.70832541666667      -7.930849382798465E-002
   4.50699375000000        6.00865833333333      -7.378149382067616E-002
   4.50699375000000        6.30899125000000      -6.870882718989613E-002
   4.50699375000000        6.60932416666667      -6.405576745803152E-002
   4.50699375000000        6.90965708333333      -5.981617412133142E-002
   4.50699375000000        7.20999000000000      -5.593049648676743E-002
   4.80732666666667       2.000000000000000E-003 -0.218686972278536     
   4.80732666666667       0.302332916666667      -0.216484219204922     
   4.80732666666667       0.602665833333333      -0.210063907984082     
   4.80732666666667       0.902998750000000      -0.200246017747602     
   4.80732666666667        1.20333166666667      -0.189064269636218     
   4.80732666666667        1.50366458333333      -0.178060253800045     
   4.80732666666667        1.80399750000000      -0.167946167434045     
   4.80732666666667        2.10433041666667      -0.158879337866939     
   4.80732666666667        2.40466333333333      -0.150689433003408     
   4.80732666666667        2.70499625000000      -0.143053117150203     
   4.80732666666667        3.00532916666667      -0.135655920386430     
   4.80732666666667        3.30566208333333      -0.128313024814585     
   4.80732666666667        3.60599500000000      -0.121005536453892     
   4.80732666666667        3.90632791666667      -0.113824844339180     
   4.80732666666667        4.20666083333333      -0.106876134994983     
   4.80732666666667        4.50699375000000      -0.100211642656944     
   4.80732666666667        4.80732666666667      -9.382534739430923E-002
   4.80732666666667        5.10765958333333      -8.769617159943925E-002
   4.80732666666667        5.40799250000000      -8.183661537807868E-002
   4.80732666666667        5.70832541666667      -7.630136120328794E-002
   4.80732666666667        6.00865833333333      -7.114946948077949E-002
   4.80732666666667        6.30899125000000      -6.639547966726150E-002
   4.80732666666667        6.60932416666667      -6.199709510214361E-002
   4.80732666666667        6.90965708333333      -5.790438029150124E-002
   4.80732666666667        7.20999000000000      -5.411049436088301E-002
   5.10765958333333       2.000000000000000E-003 -0.184130575525766     
   5.10765958333333       0.302332916666667      -0.182956104212914     
   5.10765958333333       0.602665833333333      -0.179395764566297     
   5.10765958333333       0.902998750000000      -0.174050601120135     
   5.10765958333333        1.20333166666667      -0.167343552639954     
   5.10765958333333        1.50366458333333      -0.160144616245370     
   5.10765958333333        1.80399750000000      -0.153106984850677     
   5.10765958333333        2.10433041666667      -0.146484370757679     
   5.10765958333333        2.40466333333333      -0.140209162342313     
   5.10765958333333        2.70499625000000      -0.134058362544735     
   5.10765958333333        3.00532916666667      -0.127818005732200     
   5.10765958333333        3.30566208333333      -0.121389475871902     
   5.10765958333333        3.60599500000000      -0.114811822977040     
   5.10765958333333        3.90632791666667      -0.108212377479343     
   5.10765958333333        4.20666083333333      -0.101730766634422     
   5.10765958333333        4.50699375000000      -9.546588982284228E-002
   5.10765958333333        4.80732666666667      -8.946621247246810E-002
   5.10765958333333        5.10765958333333      -8.375236354945188E-002
   5.10765958333333        5.40799250000000      -7.834375245693953E-002
   5.10765958333333        5.70832541666667      -7.326384321771297E-002
   5.10765958333333        6.00865833333333      -6.852342048038172E-002
   5.10765958333333        6.30899125000000      -6.410467513550891E-002
   5.10765958333333        6.60932416666667      -5.996895311902219E-002
   5.10765958333333        6.90965708333333      -5.609415737957620E-002
   5.10765958333333        7.20999000000000      -5.245917346272688E-002
   5.40799250000000       2.000000000000000E-003 -0.159372452183125     
   5.40799250000000       0.302332916666667      -0.158596136470982     
   5.40799250000000       0.602665833333333      -0.156524378398885     
   5.40799250000000       0.902998750000000      -0.153391649790259     
   5.40799250000000        1.20333166666667      -0.149581234181056     
   5.40799250000000        1.50366458333333      -0.145232298109219     
   5.40799250000000        1.80399750000000      -0.140494372628607     
   5.40799250000000        2.10433041666667      -0.135679910464073     
   5.40799250000000        2.40466333333333      -0.130811532905348     
   5.40799250000000        2.70499625000000      -0.125756672482413     
   5.40799250000000        3.00532916666667      -0.120385845231873     
   5.40799250000000        3.30566208333333      -0.114662647045644     
   5.40799250000000        3.60599500000000      -0.108662191561097     
   5.40799250000000        3.90632791666667      -0.102538048066737     
   5.40799250000000        4.20666083333333      -9.646553904809034E-002
   5.40799250000000        4.50699375000000      -9.059051566534211E-002
   5.40799250000000        4.80732666666667      -8.500537871896097E-002
   5.40799250000000        5.10765958333333      -7.975225882554070E-002
   5.40799250000000        5.40799250000000      -7.483725196193440E-002
   5.40799250000000        5.70832541666667      -7.024128135512955E-002
   5.40799250000000        6.00865833333333      -6.592610992232796E-002
   5.40799250000000        6.30899125000000      -6.185620068035319E-002
   5.40799250000000        6.60932416666667      -5.801286583361524E-002
   5.40799250000000        6.90965708333333      -5.437332068331684E-002
   5.40799250000000        7.20999000000000      -5.093108666050439E-002
   5.70832541666667       2.000000000000000E-003 -0.143546202640631     
   5.70832541666667       0.302332916666667      -0.142871270511943     
   5.70832541666667       0.602665833333333      -0.141163013126929     
   5.70832541666667       0.902998750000000      -0.138912556909822     
   5.70832541666667        1.20333166666667      -0.136347675472534     
   5.70832541666667        1.50366458333333      -0.133435699915543     
   5.70832541666667        1.80399750000000      -0.130057641017402     
   5.70832541666667        2.10433041666667      -0.126312996968579     
   5.70832541666667        2.40466333333333      -0.122292458687569     
   5.70832541666667        2.70499625000000      -0.117938685891231     
   5.70832541666667        3.00532916666667      -0.113183523972569     
   5.70832541666667        3.30566208333333      -0.108017007844232     
   5.70832541666667        3.60599500000000      -0.102510086166652     
   5.70832541666667        3.90632791666667      -9.681725838001778E-002
   5.70832541666667        4.20666083333333      -9.114398747918519E-002
   5.70832541666667        4.50699375000000      -8.567682087694291E-002
   5.70832541666667        4.80732666666667      -8.053426087012698E-002
   5.70832541666667        5.10765958333333      -7.576062875111104E-002
   5.70832541666667        5.40799250000000      -7.133926247992084E-002
   5.70832541666667        5.70832541666667      -6.721315895044745E-002
   5.70832541666667        6.00865833333333      -6.331853134936466E-002
   5.70832541666667        6.30899125000000      -5.961830861228996E-002
   5.70832541666667        6.60932416666667      -5.608332615526594E-002
   5.70832541666667        6.90965708333333      -5.268762198719954E-002
   5.70832541666667        7.20999000000000      -4.943171098241059E-002
   6.00865833333333       2.000000000000000E-003 -0.135522982312916     
   6.00865833333333       0.302332916666667      -0.134268342988820     
   6.00865833333333       0.602665833333333      -0.131626223162141     
   6.00865833333333       0.902998750000000      -0.128993652201942     
   6.00865833333333        1.20333166666667      -0.126588770858993     
   6.00865833333333        1.50366458333333      -0.124092230102900     
   6.00865833333333        1.80399750000000      -0.121215279672439     
   6.00865833333333        2.10433041666667      -0.117891632224541     
   6.00865833333333        2.40466333333333      -0.114279277996738     
   6.00865833333333        2.70499625000000      -0.110363814327087     
   6.00865833333333        3.00532916666667      -0.106107915261539     
   6.00865833333333        3.30566208333333      -0.101478002467891     
   6.00865833333333        3.60599500000000      -9.646519092327774E-002
   6.00865833333333        3.90632791666667      -9.119084158034250E-002
   6.00865833333333        4.20666083333333      -8.591001597650005E-002
   6.00865833333333        4.50699375000000      -8.086102523868335E-002
   6.00865833333333        4.80732666666667      -7.615913585177159E-002
   6.00865833333333        5.10765958333333      -7.183236384258389E-002
   6.00865833333333        5.40799250000000      -6.784667077884228E-002
   6.00865833333333        5.70832541666667      -6.414977467348854E-002
   6.00865833333333        6.00865833333333      -6.066258403297489E-002
   6.00865833333333        6.30899125000000      -5.731917917944861E-002
   6.00865833333333        6.60932416666667      -5.407576211125631E-002
   6.00865833333333        6.90965708333333      -5.090015520907713E-002
   6.00865833333333        7.20999000000000      -4.780557855260315E-002
   6.30899125000000       2.000000000000000E-003 -0.133644603878036     
   6.30899125000000       0.302332916666667      -0.130512426392546     
   6.30899125000000       0.602665833333333      -0.125210978418920     
   6.30899125000000       0.902998750000000      -0.121360644053219     
   6.30899125000000        1.20333166666667      -0.118568360244799     
   6.30899125000000        1.50366458333333      -0.115941809363777     
   6.30899125000000        1.80399750000000      -0.113076906594778     
   6.30899125000000        2.10433041666667      -0.109873363575354     
   6.30899125000000        2.40466333333333      -0.106474140309604     
   6.30899125000000        2.70499625000000      -0.102927514079099     
   6.30899125000000        3.00532916666667      -9.918071742237011E-002
   6.30899125000000        3.30566208333333      -9.511261911827086E-002
   6.30899125000000        3.60599500000000      -9.062490268567654E-002
   6.30899125000000        3.90632791666667      -8.579541893023314E-002
   6.30899125000000        4.20666083333333      -8.090729897660583E-002
   6.30899125000000        4.50699375000000      -7.626021806008455E-002
   6.30899125000000        4.80732666666667      -7.197156397124690E-002
   6.30899125000000        5.10765958333333      -6.801110509905241E-002
   6.30899125000000        5.40799250000000      -6.438438243176194E-002
   6.30899125000000        5.70832541666667      -6.107212690499667E-002
   6.30899125000000        6.00865833333333      -5.795003085106894E-002
   6.30899125000000        6.30899125000000      -5.490483050264071E-002
   6.30899125000000        6.60932416666667      -5.187278650967515E-002
   6.30899125000000        6.90965708333333      -4.884644728021124E-002
   6.30899125000000        7.20999000000000      -4.587261684848444E-002
   6.60932416666667       2.000000000000000E-003 -0.133942595338363     
   6.60932416666667       0.302332916666667      -0.126663063054676     
   6.60932416666667       0.602665833333333      -0.118003343734886     
   6.60932416666667       0.902998750000000      -0.113787363431120     
   6.60932416666667        1.20333166666667      -0.110934605215140     
   6.60932416666667        1.50366458333333      -0.108109418959519     
   6.60932416666667        1.80399750000000      -0.105112208632592     
   6.60932416666667        2.10433041666667      -0.101980881917921     
   6.60932416666667        2.40466333333333      -9.882394507963881E-002
   6.60932416666667        2.70499625000000      -9.565216192330316E-002
   6.60932416666667        3.00532916666667      -9.240449016839609E-002
   6.60932416666667        3.30566208333333      -8.900556219840766E-002
   6.60932416666667        3.60599500000000      -8.518853175338925E-002
   6.60932416666667        3.90632791666667      -8.085089801540060E-002
   6.60932416666667        4.20666083333333      -7.635154003577770E-002
   6.60932416666667        4.50699375000000      -7.199459697486903E-002
   6.60932416666667        4.80732666666667      -6.802055891094817E-002
   6.60932416666667        5.10765958333333      -6.432661545473649E-002
   6.60932416666667        5.40799250000000      -6.100399613663953E-002
   6.60932416666667        5.70832541666667      -5.802342828120009E-002
   6.60932416666667        6.00865833333333      -5.522638359076756E-002
   6.60932416666667        6.30899125000000      -5.241231348056528E-002
   6.60932416666667        6.60932416666667      -4.944841677744193E-002
   6.60932416666667        6.90965708333333      -4.649168545505350E-002
   6.60932416666667        7.20999000000000      -4.367144221444354E-002
   6.90965708333333       2.000000000000000E-003 -0.125519705138664     
   6.90965708333333       0.302332916666667      -0.115907781925839     
   6.90965708333333       0.602665833333333      -0.108279160459630     
   6.90965708333333       0.902998750000000      -0.105724822740024     
   6.90965708333333        1.20333166666667      -0.103260116822310     
   6.90965708333333        1.50366458333333      -0.100369001685683     
   6.90965708333333        1.80399750000000      -9.733222125818421E-002
   6.90965708333333        2.10433041666667      -9.434522956171300E-002
   6.90965708333333        2.40466333333333      -9.150636092658967E-002
   6.90965708333333        2.70499625000000      -8.870399464421018E-002
   6.90965708333333        3.00532916666667      -8.600087846983558E-002
   6.90965708333333        3.30566208333333      -8.351758722687144E-002
   6.90965708333333        3.60599500000000      -8.069352439674074E-002
   6.90965708333333        3.90632791666667      -7.668086325821406E-002
   6.90965708333333        4.20666083333333      -7.246395652911555E-002
   6.90965708333333        4.50699375000000      -6.822429091274788E-002
   6.90965708333333        4.80732666666667      -6.432456422459498E-002
   6.90965708333333        5.10765958333333      -6.081602420313347E-002
   6.90965708333333        5.40799250000000      -5.772711963973985E-002
   6.90965708333333        5.70832541666667      -5.504063501437575E-002
   6.90965708333333        6.00865833333333      -5.257791026099168E-002
   6.90965708333333        6.30899125000000      -5.006774121857353E-002
   6.90965708333333        6.60932416666667      -4.722776822423734E-002
   6.90965708333333        6.90965708333333      -4.445122810864036E-002
   6.90965708333333        7.20999000000000      -4.225359385545251E-002
   7.20999000000000       2.000000000000000E-003 -0.111415102315485     
   7.20999000000000       0.302332916666667      -0.107453207171637     
   7.20999000000000       0.602665833333333      -0.101344796884015     
   7.20999000000000       0.902998750000000      -9.844987891623957E-002
   7.20999000000000        1.20333166666667      -9.575955135000508E-002
   7.20999000000000        1.50366458333333      -9.287655751393517E-002
   7.20999000000000        1.80399750000000      -8.999485729830420E-002
   7.20999000000000        2.10433041666667      -8.727872273890930E-002
   7.20999000000000        2.40466333333333      -8.479179680353960E-002
   7.20999000000000        2.70499625000000      -8.240257494880326E-002
   7.20999000000000        3.00532916666667      -8.027135074994653E-002
   7.20999000000000        3.30566208333333      -7.860284995712787E-002
   7.20999000000000        3.60599500000000      -7.689552005232299E-002
   7.20999000000000        3.90632791666667      -7.305234864580305E-002
   7.20999000000000        4.20666083333333      -6.908449729917393E-002
   7.20999000000000        4.50699375000000      -6.478993726749599E-002
   7.20999000000000        4.80732666666667      -6.085574689554359E-002
   7.20999000000000        5.10765958333333      -5.744111405428236E-002
   7.20999000000000        5.40799250000000      -5.454672373064440E-002
   7.20999000000000        5.70832541666667      -5.211005990351909E-002
   7.20999000000000        6.00865833333333      -4.998460575553022E-002
   7.20999000000000        6.30899125000000      -4.795711557705285E-002
   7.20999000000000        6.60932416666667      -4.581134723813968E-002
   7.20999000000000        6.90965708333333      -4.362203684582446E-002
   7.20999000000000        7.20999000000000      -4.096581539520186E-002
