  2.000000000000000E-003  2.000000000000000E-003 -0.127549660886317     
  2.000000000000000E-003  0.302332916666667      -0.134635533224305     
  2.000000000000000E-003  0.602665833333333      -0.138383500665468     
  2.000000000000000E-003  0.902998750000000      -0.139240772914106     
  2.000000000000000E-003   1.20333166666667      -0.140522930153269     
  2.000000000000000E-003   1.50366458333333      -0.143021070035110     
  2.000000000000000E-003   1.80399750000000      -0.146853933560754     
  2.000000000000000E-003   2.10433041666667      -0.152109692769628     
  2.000000000000000E-003   2.40466333333333      -0.159018281541823     
  2.000000000000000E-003   2.70499625000000      -0.167048321621787     
  2.000000000000000E-003   3.00532916666667      -0.174126896156688     
  2.000000000000000E-003   3.30566208333333      -0.176143138225111     
  2.000000000000000E-003   3.60599500000000      -0.174557696993148     
  2.000000000000000E-003   3.90632791666667      -0.176138154266409     
  2.000000000000000E-003   4.20666083333333      -0.174118855035084     
  2.000000000000000E-003   4.50699375000000      -0.167039441074680     
  2.000000000000000E-003   4.80732666666667      -0.159009533970183     
  2.000000000000000E-003   5.10765958333333      -0.152100656820101     
  2.000000000000000E-003   5.40799250000000      -0.146844601917002     
  2.000000000000000E-003   5.70832541666667      -0.143013161742507     
  2.000000000000000E-003   6.00865833333333      -0.140520027318743     
  2.000000000000000E-003   6.30899125000000      -0.139248688938099     
  2.000000000000000E-003   6.60932416666667      -0.138404782681056     
  2.000000000000000E-003   6.90965708333333      -0.134643713139920     
  2.000000000000000E-003   7.20999000000000      -0.127529442431894     
  0.302332916666667       2.000000000000000E-003 -0.134633417100727     
  0.302332916666667       0.302332916666667      -0.135663683121296     
  0.302332916666667       0.602665833333333      -0.141626514811517     
  0.302332916666667       0.902998750000000      -0.146737551563658     
  0.302332916666667        1.20333166666667      -0.150617330645611     
  0.302332916666667        1.50366458333333      -0.154727144801788     
  0.302332916666667        1.80399750000000      -0.159694879824144     
  0.302332916666667        2.10433041666667      -0.165714322109529     
  0.302332916666667        2.40466333333333      -0.172678290295834     
  0.302332916666667        2.70499625000000      -0.179588578836982     
  0.302332916666667        3.00532916666667      -0.183998093455712     
  0.302332916666667        3.30566208333333      -0.183060126505136     
  0.302332916666667        3.60599500000000      -0.180402818705610     
  0.302332916666667        3.90632791666667      -0.183018828358494     
  0.302332916666667        4.20666083333333      -0.183955975149669     
  0.302332916666667        4.50699375000000      -0.179558794755535     
  0.302332916666667        4.80732666666667      -0.172660035311936     
  0.302332916666667        5.10765958333333      -0.165702629079029     
  0.302332916666667        5.40799250000000      -0.159685505445896     
  0.302332916666667        5.70832541666667      -0.154718160351667     
  0.302332916666667        6.00865833333333      -0.150607462960539     
  0.302332916666667        6.30899125000000      -0.146725469782812     
  0.302332916666667        6.60932416666667      -0.141607835280739     
  0.302332916666667        6.90965708333333      -0.135633940099664     
  0.302332916666667        7.20999000000000      -0.134640956234287     
  0.602665833333333       2.000000000000000E-003 -0.138380593750784     
  0.602665833333333       0.302332916666667      -0.141624786496763     
  0.602665833333333       0.602665833333333      -0.146803122859676     
  0.602665833333333       0.902998750000000      -0.153953086434319     
  0.602665833333333        1.20333166666667      -0.160525809604295     
  0.602665833333333        1.50366458333333      -0.166818422753240     
  0.602665833333333        1.80399750000000      -0.173416518549108     
  0.602665833333333        2.10433041666667      -0.180540842018850     
  0.602665833333333        2.40466333333333      -0.187862094812623     
  0.602665833333333        2.70499625000000      -0.194165746884382     
  0.602665833333333        3.00532916666667      -0.197185743245866     
  0.602665833333333        3.30566208333333      -0.195713661129177     
  0.602665833333333        3.60599500000000      -0.193728472972505     
  0.602665833333333        3.90632791666667      -0.195674755788324     
  0.602665833333333        4.20666083333333      -0.197139355548549     
  0.602665833333333        4.50699375000000      -0.194130915326213     
  0.602665833333333        4.80732666666667      -0.187841763409616     
  0.602665833333333        5.10765958333333      -0.180529346027532     
  0.602665833333333        5.40799250000000      -0.173408919544731     
  0.602665833333333        5.70832541666667      -0.166810419105378     
  0.602665833333333        6.00865833333333      -0.160513008361437     
  0.602665833333333        6.30899125000000      -0.153931583541309     
  0.602665833333333        6.60932416666667      -0.146773745532739     
  0.602665833333333        6.90965708333333      -0.141605642854205     
  0.602665833333333        7.20999000000000      -0.138401240801211     
  0.902998750000000       2.000000000000000E-003 -0.139239239943398     
  0.902998750000000       0.302332916666667      -0.146736252835522     
  0.902998750000000       0.602665833333333      -0.153952451350074     
  0.902998750000000       0.902998750000000      -0.162350880569662     
  0.902998750000000        1.20333166666667      -0.170993335527150     
  0.902998750000000        1.50366458333333      -0.179558310224934     
  0.902998750000000        1.80399750000000      -0.188219813491099     
  0.902998750000000        2.10433041666667      -0.197090071005776     
  0.902998750000000        2.40466333333333      -0.205811292879249     
  0.902998750000000        2.70499625000000      -0.213329414417795     
  0.902998750000000        3.00532916666667      -0.218107656313944     
  0.902998750000000        3.30566208333333      -0.219532758077449     
  0.902998750000000        3.60599500000000      -0.219459850992724     
  0.902998750000000        3.90632791666667      -0.219507607343490     
  0.902998750000000        4.20666083333333      -0.218074326239513     
  0.902998750000000        4.50699375000000      -0.213302977068087     
  0.902998750000000        4.80732666666667      -0.205794969160735     
  0.902998750000000        5.10765958333333      -0.197081603241608     
  0.902998750000000        5.40799250000000      -0.188215961398564     
  0.902998750000000        5.70832541666667      -0.179554262369888     
  0.902998750000000        6.00865833333333      -0.170984164005713     
  0.902998750000000        6.30899125000000      -0.162333734406037     
  0.902998750000000        6.60932416666667      -0.153930939120961     
  0.902998750000000        6.90965708333333      -0.146723983251345     
  0.902998750000000        7.20999000000000      -0.139246777604461     
   1.20333166666667       2.000000000000000E-003 -0.140522175186995     
   1.20333166666667       0.302332916666667      -0.150616314999027     
   1.20333166666667       0.602665833333333      -0.160524766584966     
   1.20333166666667       0.902998750000000      -0.170992635878552     
   1.20333166666667        1.20333166666667      -0.181861077595696     
   1.20333166666667        1.50366458333333      -0.192888140378160     
   1.20333166666667        1.80399750000000      -0.204037609530261     
   1.20333166666667        2.10433041666667      -0.215361727640482     
   1.20333166666667        2.40466333333333      -0.226435664299096     
   1.20333166666667        2.70499625000000      -0.236256183815724     
   1.20333166666667        3.00532916666667      -0.243730429179779     
   1.20333166666667        3.30566208333333      -0.248102185020782     
   1.20333166666667        3.60599500000000      -0.249454025294970     
   1.20333166666667        3.90632791666667      -0.248088704335064     
   1.20333166666667        4.20666083333333      -0.243711676262879     
   1.20333166666667        4.50699375000000      -0.236239974478436     
   1.20333166666667        4.80732666666667      -0.226425502324525     
   1.20333166666667        5.10765958333333      -0.215357784620137     
   1.20333166666667        5.40799250000000      -0.204038072054559     
   1.20333166666667        5.70832541666667      -0.192889066582176     
   1.20333166666667        6.00865833333333      -0.181858101098946     
   1.20333166666667        6.30899125000000      -0.170983638988435     
   1.20333166666667        6.60932416666667      -0.160512210108739     
   1.20333166666667        6.90965708333333      -0.150606655380982     
   1.20333166666667        7.20999000000000      -0.140519295568981     
   1.50366458333333       2.000000000000000E-003 -0.143020245810855     
   1.50366458333333       0.302332916666667      -0.154725754694763     
   1.50366458333333       0.602665833333333      -0.166816709048106     
   1.50366458333333       0.902998750000000      -0.179556802024786     
   1.50366458333333        1.20333166666667      -0.192887336369741     
   1.50366458333333        1.50366458333333      -0.206611280693059     
   1.50366458333333        1.80399750000000      -0.220666135447020     
   1.50366458333333        2.10433041666667      -0.234985727996962     
   1.50366458333333        2.40466333333333      -0.248883397828343     
   1.50366458333333        2.70499625000000      -0.261366130521322     
   1.50366458333333        3.00532916666667      -0.271302437661230     
   1.50366458333333        3.30566208333333      -0.277675643091700     
   1.50366458333333        3.60599500000000      -0.279859856751673     
   1.50366458333333        3.90632791666667      -0.277668827472188     
   1.50366458333333        4.20666083333333      -0.271292511777302     
   1.50366458333333        4.50699375000000      -0.261357587190879     
   1.50366458333333        4.80732666666667      -0.248879104026131     
   1.50366458333333        5.10765958333333      -0.234986124599752     
   1.50366458333333        5.40799250000000      -0.220669677788907     
   1.50366458333333        5.70832541666667      -0.206615332285434     
   1.50366458333333        6.00865833333333      -0.192888509429584     
   1.50366458333333        6.30899125000000      -0.179553214807598     
   1.50366458333333        6.60932416666667      -0.166809341210213     
   1.50366458333333        6.90965708333333      -0.154717477801591     
   1.50366458333333        7.20999000000000      -0.143012973954948     
   1.80399750000000       2.000000000000000E-003 -0.146852478853646     
   1.80399750000000       0.302332916666667      -0.159692669454590     
   1.80399750000000       0.602665833333333      -0.173413982994648     
   1.80399750000000       0.902998750000000      -0.188217640712932     
   1.80399750000000        1.20333166666667      -0.204036365724191     
   1.80399750000000        1.50366458333333      -0.220665846361007     
   1.80399750000000        1.80399750000000      -0.237929823520631     
   1.80399750000000        2.10433041666667      -0.255319718017759     
   1.80399750000000        2.40466333333333      -0.272047763018141     
   1.80399750000000        2.70499625000000      -0.287069454839142     
   1.80399750000000        3.00532916666667      -0.299132904141956     
   1.80399750000000        3.30566208333333      -0.306988154555361     
   1.80399750000000        3.60599500000000      -0.309716232041192     
   1.80399750000000        3.90632791666667      -0.306984874776247     
   1.80399750000000        4.20666083333333      -0.299128351990525     
   1.80399750000000        4.50699375000000      -0.287066367478857     
   1.80399750000000        4.80732666666667      -0.272047869128085     
   1.80399750000000        5.10765958333333      -0.255322934990120     
   1.80399750000000        5.40799250000000      -0.237934483677970     
   1.80399750000000        5.70832541666667      -0.220669615649715     
   1.80399750000000        6.00865833333333      -0.204037332911315     
   1.80399750000000        6.30899125000000      -0.188214588083672     
   1.80399750000000        6.60932416666667      -0.173407483915054     
   1.80399750000000        6.90965708333333      -0.159684656506468     
   1.80399750000000        7.20999000000000      -0.146844679602610     
   2.10433041666667       2.000000000000000E-003 -0.152107242643210     
   2.10433041666667       0.302332916666667      -0.165711028716734     
   2.10433041666667       0.602665833333333      -0.180537506389605     
   2.10433041666667       0.902998750000000      -0.197087659963400     
   2.10433041666667        1.20333166666667      -0.215360786052960     
   2.10433041666667        1.50366458333333      -0.234986086311408     
   2.10433041666667        1.80399750000000      -0.255320520012383     
   2.10433041666667        2.10433041666667      -0.275570276479976     
   2.10433041666667        2.40466333333333      -0.294819145440937     
   2.10433041666667        2.70499625000000      -0.311963258247613     
   2.10433041666667        3.00532916666667      -0.325681657646238     
   2.10433041666667        3.30566208333333      -0.334607279215654     
   2.10433041666667        3.60599500000000      -0.337707273669432     
   2.10433041666667        3.90632791666667      -0.334606154918546     
   2.10433041666667        4.20666083333333      -0.325680577990925     
   2.10433041666667        4.50699375000000      -0.311963593043580     
   2.10433041666667        4.80732666666667      -0.294821544722485     
   2.10433041666667        5.10765958333333      -0.275574085280893     
   2.10433041666667        5.40799250000000      -0.255323925485020     
   2.10433041666667        5.70832541666667      -0.234986929019198     
   2.10433041666667        6.00865833333333      -0.215357613410193     
   2.10433041666667        6.30899125000000      -0.197080360491547     
   2.10433041666667        6.60932416666667      -0.180527640022908     
   2.10433041666667        6.90965708333333      -0.165701480897685     
   2.10433041666667        7.20999000000000      -0.152100882202724     
   2.40466333333333       2.000000000000000E-003 -0.159014524669003     
   2.40466333333333       0.302332916666667      -0.172673523230124     
   2.40466333333333       0.602665833333333      -0.187857765034352     
   2.40466333333333       0.902998750000000      -0.205808830750803     
   2.40466333333333        1.20333166666667      -0.226435655715069     
   2.40466333333333        1.50366458333333      -0.248885379075410     
   2.40466333333333        1.80399750000000      -0.272050499534208     
   2.40466333333333        2.10433041666667      -0.294821135046490     
   2.40466333333333        2.40466333333333      -0.316128504709743     
   2.40466333333333        2.70499625000000      -0.334841379833996     
   2.40466333333333        3.00532916666667      -0.349667495879759     
   2.40466333333333        3.30566208333333      -0.359255268787151     
   2.40466333333333        3.60599500000000      -0.362574598712044     
   2.40466333333333        3.90632791666667      -0.359255481408949     
   2.40466333333333        4.20666083333333      -0.349668266646031     
   2.40466333333333        4.50699375000000      -0.334843254326864     
   2.40466333333333        4.80732666666667      -0.316131273454345     
   2.40466333333333        5.10765958333333      -0.294823645857230     
   2.40466333333333        5.40799250000000      -0.272050918082070     
   2.40466333333333        5.70832541666667      -0.248881710390801     
   2.40466333333333        6.00865833333333      -0.226426534207784     
   2.40466333333333        6.30899125000000      -0.205794062161889     
   2.40466333333333        6.60932416666667      -0.187839631256031     
   2.40466333333333        6.90965708333333      -0.172658265686222     
   2.40466333333333        7.20999000000000      -0.159009776082796     
   2.70499625000000       2.000000000000000E-003 -0.167042886720447     
   2.70499625000000       0.302332916666667      -0.179581483271011     
   2.70499625000000       0.602665833333333      -0.194159270470133     
   2.70499625000000       0.902998750000000      -0.213326334749285     
   2.70499625000000        1.20333166666667      -0.236257296122790     
   2.70499625000000        1.50366458333333      -0.261370332277663     
   2.70499625000000        1.80399750000000      -0.287074856709464     
   2.70499625000000        2.10433041666667      -0.311967942470723     
   2.70499625000000        2.40466333333333      -0.334843984132500     
   2.70499625000000        2.70499625000000      -0.354579359808304     
   2.70499625000000        3.00532916666667      -0.370009145515444     
   2.70499625000000        3.30566208333333      -0.379927801056140     
   2.70499625000000        3.60599500000000      -0.383358896927356     
   2.70499625000000        3.90632791666667      -0.379928513506292     
   2.70499625000000        4.20666083333333      -0.370010581247737     
   2.70499625000000        4.50699375000000      -0.354581405189320     
   2.70499625000000        4.80732666666667      -0.334845918863413     
   2.70499625000000        5.10765958333333      -0.311968471102530     
   2.70499625000000        5.40799250000000      -0.287072204503191     
   2.70499625000000        5.70832541666667      -0.261362592057819     
   2.70499625000000        6.00865833333333      -0.236242395354760     
   2.70499625000000        6.30899125000000      -0.213301853412312     
   2.70499625000000        6.60932416666667      -0.194127196398571     
   2.70499625000000        6.90965708333333      -0.179555544023127     
   2.70499625000000        7.20999000000000      -0.167039399724660     
   3.00532916666667       2.000000000000000E-003 -0.174118980114248     
   3.00532916666667       0.302332916666667      -0.183987144835830     
   3.00532916666667       0.602665833333333      -0.197175250919539     
   3.00532916666667       0.902998750000000      -0.218102528731041     
   3.00532916666667        1.20333166666667      -0.243732136811833     
   3.00532916666667        1.50366458333333      -0.271308781422845     
   3.00532916666667        1.80399750000000      -0.299140991029402     
   3.00532916666667        2.10433041666667      -0.325689018758119     
   3.00532916666667        2.40466333333333      -0.349672583699286     
   3.00532916666667        2.70499625000000      -0.370011493292193     
   3.00532916666667        3.00532916666667      -0.385735591282109     
   3.00532916666667        3.30566208333333      -0.395851805077136     
   3.00532916666667        3.60599500000000      -0.399377639474920     
   3.00532916666667        3.90632791666667      -0.395852483538018     
   3.00532916666667        4.20666083333333      -0.385736859090881     
   3.00532916666667        4.50699375000000      -0.370012946484479     
   3.00532916666667        4.80732666666667      -0.349673412288094     
   3.00532916666667        5.10765958333333      -0.325688148601127     
   3.00532916666667        5.40799250000000      -0.299136969964203     
   3.00532916666667        5.70832541666667      -0.271299854375790     
   3.00532916666667        6.00865833333333      -0.243714970986090     
   3.00532916666667        6.30899125000000      -0.218071562168694     
   3.00532916666667        6.60932416666667      -0.197132148552646     
   3.00532916666667        6.90965708333333      -0.183949559130729     
   3.00532916666667        7.20999000000000      -0.174117545349308     
   3.30566208333333       2.000000000000000E-003 -0.176131912557195     
   3.30566208333333       0.302332916666667      -0.183043655577544     
   3.30566208333333       0.602665833333333      -0.195697617401220     
   3.30566208333333       0.902998750000000      -0.219524717866461     
   3.30566208333333        1.20333166666667      -0.248103643329840     
   3.30566208333333        1.50366458333333      -0.277683433471113     
   3.30566208333333        1.80399750000000      -0.306998202027863     
   3.30566208333333        2.10433041666667      -0.334616587234464     
   3.30566208333333        2.40466333333333      -0.359262107093768     
   3.30566208333333        2.70499625000000      -0.379931725224217     
   3.30566208333333        3.00532916666667      -0.395853307107048     
   3.30566208333333        3.30566208333333      -0.406210827302833     
   3.30566208333333        3.60599500000000      -0.409886419279640     
   3.30566208333333        3.90632791666667      -0.406211276923978     
   3.30566208333333        4.20666083333333      -0.395854021649956     
   3.30566208333333        4.50699375000000      -0.379932413835637     
   3.30566208333333        4.80732666666667      -0.359262378344745     
   3.30566208333333        5.10765958333333      -0.334615744104913     
   3.30566208333333        5.40799250000000      -0.306995549617896     
   3.30566208333333        5.70832541666667      -0.277677791635522     
   3.30566208333333        6.00865833333333      -0.248092008853309     
   3.30566208333333        6.30899125000000      -0.219502344298018     
   3.30566208333333        6.60932416666667      -0.195662563811895     
   3.30566208333333        6.90965708333333      -0.183007382862238     
   3.30566208333333        7.20999000000000      -0.176134397217510     
   3.60599500000000       2.000000000000000E-003 -0.174544842513952     
   3.60599500000000       0.302332916666667      -0.180382775642736     
   3.60599500000000       0.602665833333333      -0.193709308815587     
   3.60599500000000       0.902998750000000      -0.219450266956215     
   3.60599500000000        1.20333166666667      -0.249455184009095     
   3.60599500000000        1.50366458333333      -0.279868130343149     
   3.60599500000000        1.80399750000000      -0.309726995910345     
   3.60599500000000        2.10433041666667      -0.337717301190423     
   3.60599500000000        2.40466333333333      -0.362582079363545     
   3.60599500000000        2.70499625000000      -0.383363387937226     
   3.60599500000000        3.00532916666667      -0.399379667674421     
   3.60599500000000        3.30566208333333      -0.409886934993591     
   3.60599500000000        3.60599500000000      -0.413662120422007     
   3.60599500000000        3.90632791666667      -0.409886861091378     
   3.60599500000000        4.20666083333333      -0.399379614839982     
   3.60599500000000        4.50699375000000      -0.383363305876204     
   3.60599500000000        4.80732666666667      -0.362582139007982     
   3.60599500000000        5.10765958333333      -0.337717616882396     
   3.60599500000000        5.40799250000000      -0.309727716393784     
   3.60599500000000        5.70832541666667      -0.279869433263343     
   3.60599500000000        6.00865833333333      -0.249457240029872     
   3.60599500000000        6.30899125000000      -0.219453308546405     
   3.60599500000000        6.60932416666667      -0.193713464147119     
   3.60599500000000        6.90965708333333      -0.180388068357522     
   3.60599500000000        7.20999000000000      -0.174552452290749     
   3.90632791666667       2.000000000000000E-003 -0.176127316208095     
   3.90632791666667       0.302332916666667      -0.183002272617738     
   3.90632791666667       0.602665833333333      -0.195658551125155     
   3.90632791666667       0.902998750000000      -0.219499449364130     
   3.90632791666667        1.20333166666667      -0.248090101084463     
   3.90632791666667        1.50366458333333      -0.277676597562210     
   3.90632791666667        1.80399750000000      -0.306994933128843     
   3.90632791666667        2.10433041666667      -0.334615498901441     
   3.90632791666667        2.40466333333333      -0.359262373228540     
   3.90632791666667        2.70499625000000      -0.379932500980948     
   3.90632791666667        3.00532916666667      -0.395854052651045     
   3.90632791666667        3.30566208333333      -0.406211344382665     
   3.90632791666667        3.60599500000000      -0.409886412266026     
   3.90632791666667        3.90632791666667      -0.406210927651782     
   3.90632791666667        4.20666083333333      -0.395853329574566     
   3.90632791666667        4.50699375000000      -0.379931764949276     
   3.90632791666667        4.80732666666667      -0.359262311971092     
   3.90632791666667        5.10765958333333      -0.334617010520115     
   3.90632791666667        5.40799250000000      -0.306998993450913     
   3.90632791666667        5.70832541666667      -0.277684789673903     
   3.90632791666667        6.00865833333333      -0.248105670328904     
   3.90632791666667        6.30899125000000      -0.219527638591948     
   3.90632791666667        6.60932416666667      -0.195701505517761     
   3.90632791666667        6.90965708333333      -0.183048672959143     
   3.90632791666667        7.20999000000000      -0.176138974772363     
   4.20666083333333       2.000000000000000E-003 -0.174111600820579     
   4.20666083333333       0.302332916666667      -0.183945150000820     
   4.20666083333333       0.602665833333333      -0.197128744946194     
   4.20666083333333       0.902998750000000      -0.218069059969654     
   4.20666083333333        1.20333166666667      -0.243713299756573     
   4.20666083333333        1.50366458333333      -0.271298827554567     
   4.20666083333333        1.80399750000000      -0.299136464102477     
   4.20666083333333        2.10433041666667      -0.325688010459155     
   4.20666083333333        2.40466333333333      -0.349673459554805     
   4.20666083333333        2.70499625000000      -0.370013053929354     
   4.20666083333333        3.00532916666667      -0.385736992219799     
   4.20666083333333        3.30566208333333      -0.395852653494359     
   4.20666083333333        3.60599500000000      -0.399377717993080     
   4.20666083333333        3.90632791666667      -0.395851890049155     
   4.20666083333333        4.20666083333333      -0.385735652318219     
   4.20666083333333        4.50699375000000      -0.370011614395371     
   4.20666083333333        4.80732666666667      -0.349672811986105     
   4.20666083333333        5.10765958333333      -0.325689525608408     
   4.20666083333333        5.40799250000000      -0.299141834269321     
   4.20666083333333        5.70832541666667      -0.271310118830055     
   4.20666083333333        6.00865833333333      -0.243734060281193     
   4.20666083333333        6.30899125000000      -0.218105199600067     
   4.20666083333333        6.60932416666667      -0.197178801920937     
   4.20666083333333        6.90965708333333      -0.183991866300322     
   4.20666083333333        7.20999000000000      -0.174125490995390     
   4.50699375000000       2.000000000000000E-003 -0.167034566752096     
   4.50699375000000       0.302332916666667      -0.179551889457038     
   4.50699375000000       0.602665833333333      -0.194124396244196     
   4.50699375000000       0.902998750000000      -0.213299796277177     
   4.50699375000000        1.20333166666667      -0.236241012384528     
   4.50699375000000        1.50366458333333      -0.261361769604222     
   4.50699375000000        1.80399750000000      -0.287071815140202     
   4.50699375000000        2.10433041666667      -0.311968384040016     
   4.50699375000000        2.40466333333333      -0.334846012279326     
   4.50699375000000        2.70499625000000      -0.354581587682239     
   4.50699375000000        3.00532916666667      -0.370010793238850     
   4.50699375000000        3.30566208333333      -0.379928683500631     
   4.50699375000000        3.60599500000000      -0.383359000445611     
   4.50699375000000        3.90632791666667      -0.379927953258208     
   4.50699375000000        4.20666083333333      -0.370009313552634     
   4.50699375000000        4.50699375000000      -0.354579624552622     
   4.50699375000000        4.80732666666667      -0.334844386703127     
   4.50699375000000        5.10765958333333      -0.311968503163743     
   4.50699375000000        5.40799250000000      -0.287075746613915     
   4.50699375000000        5.70832541666667      -0.261371599023438     
   4.50699375000000        6.00865833333333      -0.236259067398716     
   4.50699375000000        6.30899125000000      -0.213328749020744     
   4.50699375000000        6.60932416666667      -0.194162454051459     
   4.50699375000000        6.90965708333333      -0.179585691478396     
   4.50699375000000        7.20999000000000      -0.167048410550734     
   4.80732666666667       2.000000000000000E-003 -0.159006109994626     
   4.80732666666667       0.302332916666667      -0.172655397899162     
   4.80732666666667       0.602665833333333      -0.187837421663312     
   4.80732666666667       0.902998750000000      -0.205792444228049     
   4.80732666666667        1.20333166666667      -0.226425445469990     
   4.80732666666667        1.50366458333333      -0.248881089982318     
   4.80732666666667        1.80399750000000      -0.272050680244073     
   4.80732666666667        2.10433041666667      -0.294823677862276     
   4.80732666666667        2.40466333333333      -0.316131471897658     
   4.80732666666667        2.70499625000000      -0.334843546921377     
   4.80732666666667        3.00532916666667      -0.349668568445427     
   4.80732666666667        3.30566208333333      -0.359255776208878     
   4.80732666666667        3.60599500000000      -0.362574873304143     
   4.80732666666667        3.90632791666667      -0.359255609328541     
   4.80732666666667        4.20666083333333      -0.349667789173266     
   4.80732666666667        4.50699375000000      -0.334841798595610     
   4.80732666666667        4.80732666666667      -0.316128991886957     
   4.80732666666667        5.10765958333333      -0.294821793764786     
   4.80732666666667        5.40799250000000      -0.272051394160311     
   4.80732666666667        5.70832541666667      -0.248886552055547     
   4.80732666666667        6.00865833333333      -0.226437227876096     
   4.80732666666667        6.30899125000000      -0.205810872355140     
   4.80732666666667        6.60932416666667      -0.187860406206446     
   4.80732666666667        6.90965708333333      -0.172676912196685     
   4.80732666666667        7.20999000000000      -0.159018756087846     
   5.10765958333333       2.000000000000000E-003 -0.152098373786834     
   5.10765958333333       0.302332916666667      -0.165699404818288     
   5.10765958333333       0.602665833333333      -0.180526007925509     
   5.10765958333333       0.902998750000000      -0.197079164057974     
   5.10765958333333        1.20333166666667      -0.215356833826448     
   5.10765958333333        1.50366458333333      -0.234986525518431     
   5.10765958333333        1.80399750000000      -0.255323848604894     
   5.10765958333333        2.10433041666667      -0.275574266605144     
   5.10765958333333        2.40466333333333      -0.294821893402238     
   5.10765958333333        2.70499625000000      -0.311964055711308     
   5.10765958333333        3.00532916666667      -0.325681059079666     
   5.10765958333333        3.30566208333333      -0.334606682768266     
   5.10765958333333        3.60599500000000      -0.337707791272029     
   5.10765958333333        3.90632791666667      -0.334607817622547     
   5.10765958333333        4.20666083333333      -0.325682204279137     
   5.10765958333333        4.50699375000000      -0.311963809852307     
   5.10765958333333        4.80732666666667      -0.294819781324958     
   5.10765958333333        5.10765958333333      -0.275571029880690     
   5.10765958333333        5.40799250000000      -0.255321438543427     
   5.10765958333333        5.70832541666667      -0.234987178541205     
   5.10765958333333        6.00865833333333      -0.215362130255386     
   5.10765958333333        6.30899125000000      -0.197089323713299     
   5.10765958333333        6.60932416666667      -0.180539553187994     
   5.10765958333333        6.90965708333333      -0.165713519262296     
   5.10765958333333        7.20999000000000      -0.152110143761954     
   5.40799250000000       2.000000000000000E-003 -0.146843214547847     
   5.40799250000000       0.302332916666667      -0.159683322108383     
   5.40799250000000       0.602665833333333      -0.173406390737790     
   5.40799250000000       0.902998750000000      -0.188213801150234     
   5.40799250000000        1.20333166666667      -0.204036870075372     
   5.40799250000000        1.50366458333333      -0.220669478792927     
   5.40799250000000        1.80399750000000      -0.237934636120342     
   5.40799250000000        2.10433041666667      -0.255323339202212     
   5.40799250000000        2.40466333333333      -0.272048446049157     
   5.40799250000000        2.70499625000000      -0.287067087674646     
   5.40799250000000        3.00532916666667      -0.299129151474429     
   5.40799250000000        3.30566208333333      -0.306985715916859     
   5.40799250000000        3.60599500000000      -0.309717085003396     
   5.40799250000000        3.90632791666667      -0.306988982654765     
   5.40799250000000        4.20666083333333      -0.299133707225654     
   5.40799250000000        4.50699375000000      -0.287070262364919     
   5.40799250000000        4.80732666666667      -0.272048571984247     
   5.40799250000000        5.10765958333333      -0.255320581595660     
   5.40799250000000        5.40799250000000      -0.237930736104089     
   5.40799250000000        5.70832541666667      -0.220666818387614     
   5.40799250000000        6.00865833333333      -0.204037474574540     
   5.40799250000000        6.30899125000000      -0.188218919115783     
   5.40799250000000        6.60932416666667      -0.173415440818365     
   5.40799250000000        6.90965708333333      -0.159694280658086     
   5.40799250000000        7.20999000000000      -0.146854154885441     
   5.70832541666667       2.000000000000000E-003 -0.143012353266345     
   5.70832541666667       0.302332916666667      -0.154716784121352     
   5.70832541666667       0.602665833333333      -0.166808734267628     
   5.70832541666667       0.902998750000000      -0.179552810962153     
   5.70832541666667        1.20333166666667      -0.192888356280399     
   5.70832541666667        1.50366458333333      -0.206615470407749     
   5.70832541666667        1.80399750000000      -0.220670092774349     
   5.70832541666667        2.10433041666667      -0.234986808749882     
   5.70832541666667        2.40466333333333      -0.248880001974341     
   5.70832541666667        2.70499625000000      -0.261358665880186     
   5.70832541666667        3.00532916666667      -0.271293742465537     
   5.70832541666667        3.30566208333333      -0.277670136495840     
   5.70832541666667        3.60599500000000      -0.279861160344524     
   5.70832541666667        3.90632791666667      -0.277676890226846     
   5.70832541666667        4.20666083333333      -0.271303592846321     
   5.70832541666667        4.50699375000000      -0.261367192054027     
   5.70832541666667        4.80732666666667      -0.248884386762350     
   5.70832541666667        5.10765958333333      -0.234986686749078     
   5.70832541666667        5.40799250000000      -0.220667038880090     
   5.70832541666667        5.70832541666667      -0.206612181905975     
   5.70832541666667        6.00865833333333      -0.192888233965692     
   5.70832541666667        6.30899125000000      -0.179557710794597     
   5.70832541666667        6.60932416666667      -0.166817624771286     
   5.70832541666667        6.90965708333333      -0.154726603904090     
   5.70832541666667        7.20999000000000      -0.143020905365161     
   6.00865833333333       2.000000000000000E-003 -0.140519258968279     
   6.00865833333333       0.302332916666667      -0.150606461340003     
   6.00865833333333       0.602665833333333      -0.160512024099419     
   6.00865833333333       0.902998750000000      -0.170983565008943     
   6.00865833333333        1.20333166666667      -0.181858237128715     
   6.00865833333333        1.50366458333333      -0.192889484636177     
   6.00865833333333        1.80399750000000      -0.204038783989751     
   6.00865833333333        2.10433041666667      -0.215358793063138     
   6.00865833333333        2.40466333333333      -0.226426797091291     
   6.00865833333333        2.70499625000000      -0.236241522895331     
   6.00865833333333        3.00532916666667      -0.243713437582203     
   6.00865833333333        3.30566208333333      -0.248090578967505     
   6.00865833333333        3.60599500000000      -0.249455886593562     
   6.00865833333333        3.90632791666667      -0.248103874689477     
   6.00865833333333        4.20666083333333      -0.243731953834404     
   6.00865833333333        4.50699375000000      -0.236257577434542     
   6.00865833333333        4.80732666666667      -0.226436927190864     
   6.00865833333333        5.10765958333333      -0.215362847719000     
   6.00865833333333        5.40799250000000      -0.204038578150332     
   6.00865833333333        5.70832541666667      -0.192888977612711     
   6.00865833333333        6.00865833333333      -0.181861791724876     
   6.00865833333333        6.30899125000000      -0.170993235111008     
   6.00865833333333        6.60932416666667      -0.160525218938616     
   6.00865833333333        6.90965708333333      -0.150616525669041     
   6.00865833333333        7.20999000000000      -0.140522042622748     
   6.30899125000000       2.000000000000000E-003 -0.139247092280357     
   6.30899125000000       0.302332916666667      -0.146724168117680     
   6.30899125000000       0.602665833333333      -0.153931037147521     
   6.30899125000000       0.902998750000000      -0.162333876339230     
   6.30899125000000        1.20333166666667      -0.170984503401974     
   6.30899125000000        1.50366458333333      -0.179554904889790     
   6.30899125000000        1.80399750000000      -0.188216960014741     
   6.30899125000000        2.10433041666667      -0.197082978756182     
   6.30899125000000        2.40466333333333      -0.205796724749533     
   6.30899125000000        2.70499625000000      -0.213305112679828     
   6.30899125000000        3.00532916666667      -0.218076805326290     
   6.30899125000000        3.30566208333333      -0.219510301068836     
   6.30899125000000        3.60599500000000      -0.219462457242773     
   6.30899125000000        3.90632791666667      -0.219535043426807     
   6.30899125000000        4.20666083333333      -0.218109628776720     
   6.30899125000000        4.50699375000000      -0.213331223888985     
   6.30899125000000        4.80732666666667      -0.205812886120888     
   6.30899125000000        5.10765958333333      -0.197091422628593     
   6.30899125000000        5.40799250000000      -0.188220895950754     
   6.30899125000000        5.70832541666667      -0.179559117195494     
   6.30899125000000        6.00865833333333      -0.170993891842595     
   6.30899125000000        6.30899125000000      -0.162351202556160     
   6.30899125000000        6.60932416666667      -0.153952525884230     
   6.30899125000000        6.90965708333333      -0.146735958193081     
   6.30899125000000        7.20999000000000      -0.139238524818511     
   6.60932416666667       2.000000000000000E-003 -0.138401735218188     
   6.60932416666667       0.302332916666667      -0.141606092016955     
   6.60932416666667       0.602665833333333      -0.146773900270867     
   6.60932416666667       0.902998750000000      -0.153931770758295     
   6.60932416666667        1.20333166666667      -0.160513438633321     
   6.60932416666667        1.50366458333333      -0.166811228902810     
   6.60932416666667        1.80399750000000      -0.173410183453496     
   6.60932416666667        2.10433041666667      -0.180531116731899     
   6.60932416666667        2.40466333333333      -0.187844057666403     
   6.60932416666667        2.70499625000000      -0.194133731637231     
   6.60932416666667        3.00532916666667      -0.197142656399460     
   6.60932416666667        3.30566208333333      -0.195678455529047     
   6.60932416666667        3.60599500000000      -0.193732003942517     
   6.60932416666667        3.90632791666667      -0.195716629373774     
   6.60932416666667        4.20666083333333      -0.197188303287762     
   6.60932416666667        4.50699375000000      -0.194168092637125     
   6.60932416666667        4.80732666666667      -0.187864158398557     
   6.60932416666667        5.10765958333333      -0.180542511717827     
   6.60932416666667        5.40799250000000      -0.173417752878922     
   6.60932416666667        5.70832541666667      -0.166819217100069     
   6.60932416666667        6.00865833333333      -0.160526186031415     
   6.60932416666667        6.30899125000000      -0.153953102741587     
   6.60932416666667        6.60932416666667      -0.146802851045001     
   6.60932416666667        6.90965708333333      -0.141624093930184     
   6.60932416666667        7.20999000000000      -0.138379452478249     
   6.90965708333333       2.000000000000000E-003 -0.134641561626880     
   6.90965708333333       0.302332916666667      -0.135634104717151     
   6.90965708333333       0.602665833333333      -0.141607690067392     
   6.90965708333333       0.902998750000000      -0.146725549955964     
   6.90965708333333        1.20333166666667      -0.150607872392802     
   6.90965708333333        1.50366458333333      -0.154719024507896     
   6.90965708333333        1.80399750000000      -0.159686979565091     
   6.90965708333333        2.10433041666667      -0.165704816741740     
   6.90965708333333        2.40466333333333      -0.172662958229191     
   6.90965708333333        2.70499625000000      -0.179562435910107     
   6.90965708333333        3.00532916666667      -0.183960243853522     
   6.90965708333333        3.30566208333333      -0.183023573508445     
   6.90965708333333        3.60599500000000      -0.180407420494004     
   6.90965708333333        3.90632791666667      -0.183064076218534     
   6.90965708333333        4.20666083333333      -0.184001643037090     
   6.90965708333333        4.50699375000000      -0.179591814788338     
   6.90965708333333        4.80732666666667      -0.172681029534411     
   6.90965708333333        5.10765958333333      -0.165716419305126     
   6.90965708333333        5.40799250000000      -0.159696273995477     
   6.90965708333333        5.70832541666667      -0.154727880193307     
   6.90965708333333        6.00865833333333      -0.150617454569248     
   6.90965708333333        6.30899125000000      -0.146737140124079     
   6.90965708333333        6.60932416666667      -0.141625683707065     
   6.90965708333333        6.90965708333333      -0.135662503561790     
   6.90965708333333        7.20999000000000      -0.134632114010095     
   7.20999000000000       2.000000000000000E-003 -0.127529601297010     
   7.20999000000000       0.302332916666667      -0.134643395847063     
   7.20999000000000       0.602665833333333      -0.138404534252005     
   7.20999000000000       0.902998750000000      -0.139248594106340     
   7.20999000000000        1.20333166666667      -0.140520249549274     
   7.20999000000000        1.50366458333333      -0.143013934269885     
   7.20999000000000        1.80399750000000      -0.146846194168432     
   7.20999000000000        2.10433041666667      -0.152103267934308     
   7.20999000000000        2.40466333333333      -0.159013249892744     
   7.20999000000000        2.70499625000000      -0.167044252898868     
   7.20999000000000        3.00532916666667      -0.174124651319885     
   7.20999000000000        3.30566208333333      -0.176144825742819     
   7.20999000000000        3.60599500000000      -0.174564617151796     
   7.20999000000000        3.90632791666667      -0.176149227777261     
   7.20999000000000        4.20666083333333      -0.174132281787053     
   7.20999000000000        4.50699375000000      -0.167052902230448     
   7.20999000000000        4.80732666666667      -0.159021898972673     
   7.20999000000000        5.10765958333333      -0.152112239176516     
   7.20999000000000        5.40799250000000      -0.146855431221124     
   7.20999000000000        5.70832541666667      -0.143021652328019     
   7.20999000000000        6.00865833333333      -0.140522744313762     
   7.20999000000000        6.30899125000000      -0.139239963820137     
   7.20999000000000        6.60932416666667      -0.138382201954512     
   7.20999000000000        6.90965708333333      -0.134634105230695     
   7.20999000000000        7.20999000000000      -0.127547951139804     
